100
1 3 2 18 19
2 3 1 3 18
3 5 2 10 18 23 25
4 2 7 56
5 4 6 9 16 28
6 3 5 8 28
7 3 4 8 17
8 5 6 7 17 20 21
9 5 5 15 16 24 31
10 4 3 12 25 26
11 4 12 14 27 29
12 5 10 11 25 26 27
13 5 14 15 24 30 37
14 4 11 13 29 30
15 3 9 13 24
16 7 5 9 24 28 31 33 36
17 3 7 8 20
18 8 1 2 3 19 23 34 39 41
19 4 1 18 22 34
20 3 8 17 21
21 2 8 20
22 5 19 32 34 43 46
23 5 3 18 25 39 40
24 7 9 13 15 16 31 37 54
25 7 3 10 12 23 26 40 42
26 6 10 12 25 27 42 47
27 6 11 12 26 29 47 48
28 5 5 6 16 36 44
29 5 11 14 27 30 48
30 5 13 14 29 37 48
31 7 9 16 24 33 37 49 54
32 3 22 35 46
33 5 16 31 36 49 51
34 6 18 19 22 41 43 52
35 4 32 38 46 53
36 6 16 28 33 44 51 57
37 7 13 24 30 31 48 54 63
38 3 35 53 55
39 9 18 23 40 41 50 52 65 68 69
40 5 23 25 39 42 50
41 4 18 34 39 52
42 7 25 26 40 47 50 70 71
43 7 22 34 46 52 61 64 65
44 5 28 36 45 57 87
45 2 44 87
46 6 22 32 35 43 53 61
47 6 26 27 42 48 67 70
48 8 27 29 30 37 47 60 63 67
49 6 31 33 51 54 59 62
50 6 39 40 42 69 70 71
51 7 33 36 49 57 59 74 91
52 6 34 39 41 43 64 65
53 7 35 38 46 55 61 72 75
54 7 24 31 37 49 62 63 79
55 6 38 53 58 66 72 75
56 2 4 87
57 6 36 44 51 80 87 91
58 4 55 66 73 78
59 4 49 51 62 74
60 3 48 63 67
61 6 43 46 53 64 72 77
62 6 49 54 59 74 79 88
63 7 37 48 54 60 67 79 82
64 5 43 52 61 65 76
65 6 39 43 52 64 68 76
66 4 55 58 75 78
67 9 47 48 60 63 70 82 86 89 92
68 5 39 65 69 76 84
69 5 39 50 68 71 84
70 7 42 47 50 67 71 85 89
71 6 42 50 69 70 84 85
72 5 53 55 61 75 77
73 3 58 78 81
74 6 51 59 62 83 88 91
75 4 53 55 66 72
76 3 64 65 68
77 2 61 72
78 5 58 66 73 81 90
79 7 54 62 63 82 88 96 97
80 2 57 91
81 3 73 78 90
82 6 63 67 79 86 94 96
83 5 74 88 91 93 95
84 4 68 69 71 85
85 4 70 71 84 89
86 5 67 82 89 92 94
87 4 44 45 56 57
88 6 62 74 79 83 93 97
89 5 67 70 85 86 92
90 2 78 81
91 6 51 57 74 80 83 95
92 4 67 86 89 94
93 4 83 88 95 97
94 5 82 86 92 96 98
95 3 83 91 93
96 5 79 82 94 97 98
97 7 79 88 93 96 98 99 100
98 4 94 96 97 100
99 2 97 100
100 3 97 98 99
