1050
5
Variable1
Variable2
Variable3
Variable4
Variable5
1
FixedEffects1
2 2 3 3 4
8 1 1 1 1 0 -1.697712 0.94797
11 0 1 0 1 3 -0.8932718 1.029964
11 0 0 0 2 3 -0.6236265 1.022173
6 0 1 1 1 0 0.6755345 1.021909
9 0 1 0 0 0 -0.03103774 1.071356
11 0 1 2 2 0 1.259957 1.055857
11 0 1 0 0 2 -0.6214146 1.026046
5 0 1 2 1 2 -0.2794682 0.9013886
9 0 0 0 0 3 -1.121036 1.052987
11 0 1 0 1 3 1.645009 1.032443
13 0 0 1 1 -999 -0.03687548 1.043371
9 0 1 2 2 1 1.559343 0.9125241
14 1 1 0 2 3 0.02211749 1.033867
12 1 1 0 1 3 -0.5243927 0.9917251
12 0 1 1 0 0 1.677786 1.078048
7 1 1 2 0 2 -1.436169 0.9482573
10 0 1 0 1 0 0.559865 0.9949234
11 0 1 2 1 3 -0.6665885 1.002341
17 0 1 0 1 0 -0.3764412 1.068701
10 0 1 0 2 0 -0.1210419 0.9589903
15 0 0 1 1 1 1.9516 0.9943003
9 0 0 2 0 3 1.192893 0.9619299
9 0 1 -999 1 0 -0.8914344 0.9703149
8 1 1 0 0 0 -0.7598781 0.9454481
4 1 1 0 1 1 1.14087 1.08739
6 0 1 1 0 0 -1.258948 1.010454
14 1 0 0 1 3 0.3845097 0.9591606
11 0 0 2 2 0 -1.916331 1.030546
18 0 0 1 1 1 -0.02172038 1.033298
7 1 1 0 2 1 1.069994 1.09045
10 1 1 0 1 1 -1.182662 0.9782966
12 0 1 0 1 0 0.597304 1.032493
7 0 1 0 0 1 -1.04171 0.9265483
12 0 1 0 1 2 2.18762 1.064467
13 0 1 2 0 1 -0.5578877 1.046257
8 0 1 0 1 0 -0.191631 0.9918215
10 0 1 0 0 3 0.7096577 0.9052429
17 0 0 0 0 0 0.5584805 0.9594386
9 0 1 2 1 3 -1.128966 0.9018029
7 1 1 1 0 2 0.3542678 0.9591257
6 0 0 0 0 3 1.113161 0.9672861
16 1 1 1 0 0 -0.4549674 0.9818003
9 0 1 0 0 2 1.285088 0.9364825
9 0 0 0 1 2 -1.429907 0.9081479
9 0 1 2 1 0 1.602937 1.064173
13 0 1 0 1 3 -0.1611015 1.074104
10 0 1 0 2 0 -0.1559888 1.036713
11 0 1 1 1 1 0.4383213 0.9253976
9 1 1 0 1 3 -0.1361855 1.02249
4 0 0 1 0 0 -0.3716141 0.9157155
8 1 1 0 1 1 -0.1752001 0.9379988
17 0 1 0 2 3 -0.3975329 1.088458
6 0 1 2 0 1 -0.1882082 0.9838008
15 1 0 1 2 1 -0.8945213 1.010991
13 0 1 2 1 3 -0.2628175 1.004544
5 0 0 0 2 1 1.167312 0.9595111
6 0 1 1 1 3 0.8413591 0.9031805
8 0 0 2 1 1 1.688992 0.9144546
9 1 1 0 1 1 -0.5575037 1.026373
3 0 1 0 1 1 -1.211798 0.9011737
8 0 1 0 0 2 -0.2779933 0.963386
15 0 1 0 0 3 -0.9513506 1.06541
9 0 1 0 1 3 -0.0966359 0.9817577
6 0 1 1 0 3 1.230579 0.9468476
9 0 0 0 2 3 0.3400915 1.085896
10 1 1 0 1 1 1.050447 0.9171534
11 1 1 2 0 0 -0.4945186 1.072889
4 0 1 1 1 3 0.1593338 0.9132098
7 0 1 1 1 2 1.03887 0.9080881
11 1 1 0 1 2 0.4948729 0.9531176
13 0 0 0 1 1 -0.9075381 0.9508199
8 0 0 0 1 0 -2.843253 0.9377219
13 1 0 1 2 2 -0.8229909 1.097691
13 1 0 0 1 2 -0.8606407 1.092079
9 0 1 0 0 2 0.989633 1.095972
9 0 1 0 0 1 -0.2303815 1.040757
9 0 1 0 2 1 0.2183161 0.9130146
6 0 1 0 1 1 1.352499 0.9273063
10 0 0 0 1 0 -0.7707715 0.908004
14 0 1 2 2 1 0.8975619 0.9227929
13 1 1 2 1 0 -1.661173 0.9449711
11 1 0 1 1 0 0.1876865 1.034747
9 0 1 1 1 3 -0.5409835 0.920835
8 0 1 1 0 0 0.7565793 1.031933
12 1 1 0 0 2 0.0885152 0.983913
11 1 1 0 2 0 1.039684 0.9374632
9 0 1 2 0 1 -0.5747088 1.099
9 0 1 0 1 2 -0.1170454 1.020755
5 0 1 2 1 2 0.9688109 1.014712
7 0 1 2 2 2 -0.687906 1.055219
8 0 0 1 2 1 1.546029 1.076017
8 0 1 1 1 2 -0.122505 0.9860626
12 0 0 0 1 2 1.528907 0.9457854
11 0 0 0 2 3 0.9368914 0.9986032
13 0 1 0 1 0 1.436829 1.085559
11 0 1 2 1 1 -0.4962468 1.026869
6 0 1 0 1 3 -1.481119 1.033725
18 0 1 0 2 0 -0.3096008 0.9735307
12 0 1 0 1 3 -0.04041882 0.9519441
11 1 1 0 0 1 1.112914 1.05103
15 0 1 0 1 2 -0.1264049 1.029641
11 0 0 0 1 0 -2.498703 1.009434
7 0 1 2 0 3 -1.939378 1.096288
8 1 1 1 0 0 2.220711 0.9604624
15 0 1 0 1 0 -0.6193906 1.080983
3 0 0 1 1 0 -0.8887964 0.9319261
14 0 1 2 2 3 0.5353372 0.9526953
11 0 0 1 0 1 -2.301247 1.027674
14 0 1 0 0 3 -0.8614408 0.9240472
8 0 1 2 0 0 -3.300596 0.9743642
10 0 1 1 1 2 -0.254088 1.005356
15 1 0 2 0 0 0.9257082 0.9881401
7 0 1 0 1 3 -0.9272264 0.909935
8 1 1 0 1 1 -0.3068531 0.963727
14 1 1 1 2 0 0.7683542 0.9146236
11 1 1 0 0 1 -0.5657168 1.023843
13 0 1 0 0 3 -0.5093621 1.096122
10 0 1 2 1 3 0.1292376 1.093821
14 0 1 0 2 3 0.438941 1.069488
5 0 1 0 2 1 1.663178 0.9900169
9 0 1 0 2 2 1.171088 0.9745291
12 1 1 0 2 2 0.1185302 1.043867
9 1 0 0 1 2 0.6764582 0.9213501
8 0 0 2 0 3 -0.8365763 0.9987915
10 0 1 0 1 1 0.342896 1.089129
16 1 1 0 0 1 0.5750734 0.9773742
13 0 1 0 0 2 0.8914052 0.9227918
10 0 1 0 1 1 -0.9805932 0.9937148
11 0 1 2 1 0 1.663364 0.9064268
13 0 1 2 1 1 -0.3768876 1.039296
9 0 1 0 0 1 1.547402 1.032501
7 0 1 1 0 0 -0.3180523 0.9408009
6 0 1 0 0 1 -1.622205 1.051731
8 0 0 1 1 3 -2.256435 1.037623
11 0 1 2 2 0 0.6291554 1.098847
15 0 0 0 1 1 1.293654 1.083344
9 0 1 0 1 3 1.052061 0.912159
12 0 0 0 1 1 0.6671193 0.9886731
10 0 1 0 0 3 1.92664 0.9664079
10 0 1 0 2 2 -0.3241478 0.9797627
13 1 1 0 1 1 0.3898503 0.9811959
8 0 1 1 2 2 -0.6466983 1.058776
12 0 1 2 0 3 0.8413464 1.034223
5 0 0 0 0 2 0.6684181 0.9808954
12 0 0 0 1 0 1.890606 1.050154
8 1 1 0 1 2 -0.8683967 0.9485933
12 0 1 1 2 3 -1.264718 1.044298
10 1 1 2 1 1 -0.205945 1.043338
8 0 1 2 1 3 -1.72507 0.9483934
12 0 1 2 1 2 -1.521097 0.9297877
3 0 0 0 1 3 -0.7558684 0.9442292
6 1 0 0 0 1 -2.402479 1.032
7 0 0 0 0 1 -0.08304115 1.001296
7 1 0 0 1 0 0.06932076 0.9899243
5 0 0 0 0 1 0.4229681 1.002784
5 0 0 1 1 3 0.1380898 1.07155
4 0 0 0 0 3 0.2735084 0.9831923
6 1 0 0 0 3 -1.846897 1.094328
9 0 0 0 2 0 -0.003933115 1.066109
2 0 0 1 0 2 0.1520048 1.094078
7 0 0 2 0 1 1.395102 1.002764
4 0 0 0 2 2 1.261963 0.9075721
3 1 0 0 1 1 0.7485493 0.9313602
5 0 0 0 1 2 -0.8948131 1.040949
4 0 0 2 0 1 0.4958476 1.00992
6 0 0 0 0 2 -1.534532 1.011173
7 0 0 0 0 0 1.398753 0.9762896
4 0 0 2 0 1 -2.12265 0.980549
7 0 0 0 0 3 2.152841 1.013416
3 1 0 0 2 1 -1.012781 0.9312972
7 0 1 2 0 0 0.2526493 1.038989
8 0 0 2 1 2 1.427053 0.9963391
2 0 0 0 0 1 -0.5328117 0.9705121
6 0 1 2 0 0 0.009185946 1.004417
6 0 0 2 2 2 2.254897 1.025355
5 0 1 0 0 2 0.8188141 0.990625
2 0 0 1 0 2 1.864162 1.002797
1 0 0 0 0 0 -1.270514 0.9292065
5 0 1 2 0 3 -0.6710612 0.9303549
10 0 0 0 0 0 -0.1687566 1.096362
5 0 0 1 0 2 0.7656879 0.9629854
2 0 1 0 0 2 0.5135238 1.001615
3 0 0 0 1 0 -0.4729806 0.9571974
3 0 0 0 1 0 0.6597158 1.010257
4 0 0 1 0 2 -1.947212 0.9871197
7 0 0 0 0 0 -1.236805 1.093622
9 0 0 1 0 1 -0.6374648 0.9108234
10 0 0 2 0 1 -1.436436 0.9556105
4 0 0 0 0 1 0.4367282 0.9278919
3 0 0 0 0 0 -0.4471259 1.076194
5 1 0 1 0 0 0.5449841 1.049473
5 1 0 0 -999 3 1.528868 0.9598385
3 0 0 2 0 3 0.8089135 1.069113
4 1 0 0 0 0 1.157527 1.019911
3 0 0 0 2 0 0.9557002 0.9740554
5 0 0 2 2 0 -0.230459 1.019297
6 1 0 2 2 1 1.325294 0.9980315
5 0 0 0 0 2 0.2232282 0.9086478
7 0 0 0 0 3 0.1389233 1.09775
7 0 0 0 1 3 -0.002634201 1.067478
4 0 0 1 0 1 1.617188 1.000127
4 0 0 0 0 0 -0.1759165 0.9375834
9 0 1 0 2 1 -0.9643977 1.047405
5 1 0 0 0 0 -0.1445339 1.01026
5 1 0 0 0 2 0.8981852 1.048902
2 0 0 0 2 0 0.1589485 1.057037
4 1 0 0 2 2 0.1356134 0.9247025
4 0 0 1 0 0 0.3610025 1.092465
5 0 0 1 0 2 -1.912771 0.9385152
5 1 0 0 0 2 0.7954593 1.054287
6 0 0 2 0 3 -1.958823 1.016186
3 1 0 2 1 3 -0.8867145 0.9799971
2 0 0 0 2 2 -0.02209974 0.9480917
6 1 0 0 1 3 -0.02257343 0.9157402
7 0 0 2 0 3 1.344053 1.013338
3 1 0 0 0 2 -0.6587751 0.9360184
8 0 0 2 1 1 -0.8372842 0.965573
4 0 0 0 2 1 2.177767 0.9877397
8 0 0 0 1 3 0.6491154 1.007354
3 0 0 2 2 3 -1.43097 0.9115404
5 1 0 2 0 1 0.2675486 0.9257579
5 0 0 1 2 2 -1.275911 1.082048
7 0 0 0 2 2 0.3863032 0.9229232
5 1 1 0 0 2 0.6345827 1.089684
9 0 1 0 0 0 -0.642792 1.024262
4 1 1 2 0 2 0.2889795 1.012911
3 1 0 2 0 1 -3.143395 1.032461
0 1 0 2 0 3 -1.323859 0.9042487
2 0 0 0 0 3 0.7451845 1.00846
7 0 0 0 1 3 0.750548 1.047108
4 0 0 0 0 3 -0.01487021 0.9571068
7 0 1 0 2 2 -0.9145732 0.9223841
6 1 1 0 1 1 -0.7120483 0.979672
9 0 0 0 2 0 -0.5965771 1.035243
4 0 0 0 2 3 0.2773812 1.014916
4 1 0 0 0 1 0.8812441 1.004153
4 0 0 1 0 0 -0.7537189 0.9846968
2 1 0 0 0 3 -0.2738858 1.050213
5 0 0 0 2 1 -0.897383 0.9787003
9 1 0 0 1 1 0.4727354 0.9602902
5 1 0 2 0 2 1.455856 1.088938
6 0 0 1 0 0 -0.0958986 0.9768522
7 0 0 0 2 0 -0.6762485 1.026222
4 0 0 0 0 0 1.322713 0.9724765
7 0 0 0 0 1 -1.123771 1.077181
2 0 0 0 0 2 0.7715946 0.9427684
4 1 0 1 0 1 -1.5349 1.081518
3 0 0 0 0 0 -0.1555347 0.9606967
6 0 0 0 0 3 -0.3151174 1.023634
4 0 0 0 0 0 1.981096 1.006824
1 0 0 0 0 3 0.8401042 0.9229214
3 1 -999 0 0 2 -1.32568 0.9235054
3 0 0 0 1 2 -0.5157814 1.008967
3 0 0 0 0 3 0.8179265 1.092561
5 1 0 0 0 2 0.7694562 0.9686163
5 0 0 0 1 1 -1.242228 0.995492
3 0 0 2 0 0 0.7787125 1.056532
3 0 0 0 1 1 2.0706 0.9534129
6 0 0 0 0 2 0.02636187 1.062237
2 0 1 2 2 0 -0.4551118 1.008137
4 0 0 1 2 1 -1.657234 0.9626427
1 0 0 0 1 0 1.464037 0.91853
9 1 0 0 0 3 1.400149 1.066456
3 0 1 0 0 1 -0.8578198 0.9981289
4 0 0 2 0 0 0.4732666 0.9712646
5 0 1 0 0 0 0.998768 0.9186927
7 1 0 0 1 2 0.41306 1.020041
6 0 0 0 0 0 0.07708139 1.07073
2 0 0 0 0 3 -0.4495131 1.008125
4 0 0 0 1 3 -0.5077256 0.9986055
5 1 0 0 2 3 -1.791963 1.018771
5 1 0 0 0 0 1.68813 1.075799
6 0 1 0 0 0 0.7342797 1.092278
5 0 1 0 1 3 1.618353 0.9826929
6 0 0 0 0 0 0.6184945 1.095405
6 1 0 0 1 1 -1.171371 1.09918
3 0 0 2 1 1 0.1434366 0.959509
4 0 0 0 0 1 1.076954 1.081548
7 0 0 0 2 1 1.308416 0.9710834
6 0 0 1 2 1 2.364751 0.9123551
3 0 0 0 0 3 1.058803 0.961726
5 0 0 0 1 0 -0.3342354 1.052431
3 0 0 0 0 1 -0.7659904 0.9085823
5 1 0 0 1 3 -0.6876067 1.060238
7 0 0 0 0 1 0.2047741 1.083322
7 0 0 0 0 3 0.5597006 0.9176421
6 1 0 0 0 3 -0.2108513 0.9330037
3 0 0 0 2 1 -0.2405369 0.9139188
5 0 0 0 0 0 -0.6915534 1.023492
1 0 0 0 0 1 -0.7682426 0.9021608
4 0 0 0 0 3 -1.342436 0.945995
5 0 0 0 2 2 -0.7180562 0.9406979
5 0 0 0 0 1 1.169418 0.9206229
4 0 0 1 1 2 0.1422442 0.9511931
5 0 1 0 2 0 -0.7143702 0.9081704
2 0 0 2 0 2 -1.149395 1.04429
4 1 0 0 0 0 -1.457119 1.010204
5 0 0 0 0 1 1.347009 0.9903298
4 0 0 0 0 2 -1.621984 0.9742249
6 1 0 0 0 2 -0.003217111 1.073153
6 0 0 0 1 0 -0.1549651 1.03541
5 1 0 0 0 3 0.6074852 0.9374028
7 0 0 2 0 2 -0.1388179 0.9978265
4 0 0 0 0 2 1.253371 1.041253
3 0 0 0 0 0 1.20886 1.000385
7 1 1 1 0 2 0.5159781 1.097352
5 0 0 1 1 1 0.8297203 0.9704169
7 1 0 0 0 0 -0.5467663 1.028216
4 0 0 0 0 2 0.1173439 0.9694553
9 1 0 0 0 0 0.9139731 1.040506
3 0 0 1 2 2 0.7452667 1.053478
7 0 0 0 0 1 -0.6709446 0.9766002
8 0 0 0 0 0 -1.206814 0.9322393
8 0 0 0 1 3 -0.9203198 0.9755792
3 1 1 2 0 0 -0.2764252 0.9931669
1 0 0 2 0 0 -1.652778 0.9084958
3 0 0 0 2 0 0.6179198 0.9510149
5 0 0 0 1 1 0.08865564 1.05587
4 0 0 0 2 2 1.515055 1.030272
4 0 0 1 0 0 1.082612 0.9610543
6 0 0 0 0 3 -0.2299466 0.9297737
8 0 0 2 1 0 1.111074 0.9863435
3 0 0 0 2 3 -1.041328 0.9554481
3 0 0 0 0 3 -0.8482837 0.9734177
7 1 0 0 0 3 0.1299782 1.097799
7 0 0 2 0 1 -0.306781 1.03835
5 0 1 0 2 0 -0.2417716 0.9255856
6 0 0 1 1 0 -0.2463219 0.9606585
5 0 0 1 0 2 -0.8308772 0.9679324
3 1 0 0 2 2 -0.7268241 1.029431
4 0 0 0 0 1 0.6228066 0.9747498
3 0 0 0 0 3 -0.592988 1.068902
4 0 0 2 1 3 1.220776 1.094435
3 0 0 0 0 3 -0.7062382 0.9047575
9 0 0 0 2 1 1.634658 0.9713799
3 0 0 0 2 0 1.602259 1.016471
7 0 0 1 2 3 -0.2313346 0.9692919
3 1 1 2 0 2 -1.470724 0.9529389
3 0 0 1 2 2 1.018626 1.09313
6 0 1 0 0 1 -0.3500712 0.9609653
2 1 0 0 0 3 0.1395565 0.9882235
7 0 0 0 0 0 -0.3284004 0.9278232
3 0 1 0 0 3 -0.3010917 1.058886
5 0 0 2 0 0 0.9333206 0.9344991
4 0 1 0 0 3 -1.298567 1.068947
6 0 0 2 0 2 -0.3296143 1.066498
3 1 0 0 1 0 -0.4380273 0.9565428
8 1 1 0 1 2 -0.08365012 0.9842603
4 1 0 0 0 3 0.9026071 1.068102
4 0 0 0 0 2 -0.6778823 1.014394
6 0 0 1 2 0 -0.3383609 1.074311
2 1 0 0 0 2 -1.653407 0.9363589
7 0 0 0 1 3 -0.2259013 1.044009
4 1 0 0 2 3 -2.062031 1.098098
6 0 0 0 0 3 0.5401995 0.9693572
6 0 0 0 0 2 -0.6106091 1.036305
4 0 0 1 0 3 1.036427 0.9685545
6 0 0 1 1 2 -0.872965 1.083222
9 0 0 0 0 1 -0.03783446 0.9027225
1 0 0 0 0 0 -1.085936 0.9079149
7 0 0 0 0 2 0.8070668 0.9487802
4 0 0 0 0 1 -0.7083192 0.919665
3 0 0 0 2 1 -0.225589 1.011507
3 1 1 1 0 3 -0.8674363 1.041325
2 0 0 1 1 3 -2.176476 0.9618453
6 1 0 1 0 1 -1.517577 1.035383
4 1 0 0 1 0 0.3077355 0.9762656
3 0 0 0 0 2 1.08615 0.9910253
1 0 0 0 0 3 -0.7364992 1.03214
6 1 0 0 2 3 1.698649 0.9113028
7 0 1 0 0 0 -0.1646738 0.9953897
4 0 0 0 0 0 -0.08577792 1.018755
2 0 0 0 0 0 -0.3742996 1.010902
10 0 0 2 0 2 -1.85426 0.9460169
4 0 1 2 1 2 1.012109 0.9282522
5 1 0 2 0 0 0.8216198 1.087915
8 1 0 0 0 0 0.3946627 1.082207
3 0 0 0 0 2 -0.3384444 1.034849
5 1 0 0 2 0 0.7186654 0.9810354
8 1 0 1 0 1 0.06831127 1.037191
8 0 0 0 0 3 -0.4598349 1.093442
4 0 0 0 0 3 -2.455077 0.9323273
5 0 0 0 0 0 -0.07780083 1.089434
8 1 0 2 0 1 1.108221 1.084264
4 0 1 2 2 2 -0.4719132 0.9672114
6 1 0 2 1 3 -0.3104316 1.03834
7 0 0 0 0 0 1.286427 0.9484749
5 0 0 2 0 0 -1.104771 1.010657
4 0 0 0 0 2 -0.3357233 0.9306219
5 0 0 0 2 1 0.0261061 0.9732676
4 0 1 1 0 2 0.01838984 1.09322
4 0 0 0 2 2 -0.8640257 1.028229
4 1 0 0 2 1 1.978191 0.906643
9 0 0 0 0 3 -1.061879 0.9492319
4 1 -999 0 2 1 -0.4709962 0.9690823
3 0 1 1 0 3 -0.3370648 0.9570912
9 0 0 2 1 1 0.5955045 1.091229
4 0 1 0 0 1 -1.906063 1.048861
5 0 0 0 0 1 -0.5851122 0.9364068
3 0 0 1 2 2 -0.6552394 0.9482529
1 0 0 0 0 2 0.5021373 1.09266
2 0 0 0 1 1 -1.769157 1.070177
3 1 0 0 0 3 -0.5482541 1.098072
1 1 0 2 0 2 -0.8996394 0.9245433
4 1 0 0 0 3 -1.690677 1.094666
3 1 0 0 0 0 -0.06060226 1.028415
0 1 0 0 0 0 0.2669579 1.088902
6 1 1 0 0 2 -0.2959271 0.9476834
1 1 0 0 2 2 0.2644745 0.9115137
3 0 0 2 0 1 -0.2979969 0.9008825
3 1 0 0 0 1 1.289293 1.059092
3 1 0 1 0 1 -0.2548667 1.065335
0 0 0 0 0 3 -0.1086353 0.980721
3 1 0 0 0 0 0.197415 1.056604
5 1 0 0 0 1 1.617324 1.083669
2 1 0 0 0 0 -0.8443135 1.034147
1 1 0 0 0 2 0.5210597 1.03113
4 1 0 0 0 1 3.318844 1.097978
4 1 0 0 1 3 0.9877295 1.004999
2 1 0 0 0 2 -0.8837438 1.015164
4 1 0 0 0 3 -0.4512095 1.035042
5 0 0 0 0 1 -0.5220463 1.006941
2 1 0 1 0 3 0.5199471 1.031107
2 0 0 2 0 0 -0.3259521 1.053137
1 0 0 0 0 3 0.5248893 0.9411805
4 1 0 0 0 3 1.329071 0.9184363
3 1 0 0 0 3 0.8756934 0.9127783
5 1 0 2 1 2 -0.13535 1.032476
4 1 0 0 0 3 0.7058263 1.079949
2 1 0 0 0 0 0.7593639 0.944784
0 0 0 0 0 3 -1.754565 0.9305266
2 1 1 0 0 1 -0.8456587 1.005789
0 1 0 0 0 3 -0.7562339 1.063566
1 1 0 0 0 2 -0.6522972 0.9159245
4 0 0 0 0 0 0.07290237 1.053396
2 1 0 2 0 0 0.5074489 0.9765643
3 1 1 0 0 2 -1.482248 0.9628492
3 0 0 0 0 1 0.1891738 0.9066407
4 0 0 0 2 0 -0.6535052 1.039804
0 1 0 0 0 2 1.967043 0.92153
4 0 0 0 0 0 -0.6318185 1.06341
2 1 0 0 0 3 0.1218827 0.9786794
1 1 0 0 2 1 1.092509 0.9491655
0 1 1 0 1 3 -1.045274 0.9514763
1 0 1 0 2 0 0.48075 1.02818
2 0 0 0 1 0 1.63322 1.042868
4 1 0 0 1 1 0.6223899 1.00422
2 1 0 2 0 3 0.2137552 0.9729861
2 1 0 0 0 3 -1.346359 0.9388043
7 1 1 0 1 3 -0.5597198 1.098008
3 1 0 0 0 1 -0.7934718 1.020089
2 1 0 0 0 2 -0.8348558 0.9345307
1 1 1 0 0 0 -2.138116 0.9294071
3 1 0 0 0 3 -0.8948998 1.057452
2 1 0 0 1 0 -1.315626 0.9786476
2 1 0 0 0 3 -0.5844724 0.9752381
1 1 0 0 0 3 -0.8296117 0.968109
2 1 0 0 0 0 0.7425567 1.042434
1 1 0 0 0 3 0.900376 0.9399406
3 0 0 2 0 2 -1.221121 0.915336
1 1 0 0 0 3 0.6403372 0.9537034
2 1 0 0 0 3 -0.5113978 0.9628989
5 1 0 0 0 3 -0.4041833 0.9167981
2 1 0 0 0 2 -0.2487814 0.93989
6 1 0 0 0 3 0.6876333 1.063272
1 1 0 0 1 1 1.340692 1.003074
1 0 0 0 0 2 -0.3136915 0.9716212
5 1 0 0 2 1 0.3859562 1.057796
4 1 0 1 0 2 0.7177023 0.9557569
2 0 0 0 1 1 0.3925487 0.9594273
2 1 0 0 2 0 0.1497571 1.088008
2 1 1 1 0 2 -0.5191236 0.9438342
2 1 0 0 0 0 0.402858 1.013908
1 1 0 0 0 1 -0.7065639 1.061085
1 0 0 0 0 1 1.376445 0.9336259
1 1 0 1 1 2 0.8753165 0.9392569
4 1 0 0 0 2 0.8907657 0.9973518
0 1 1 0 0 2 -0.7940191 1.006897
5 1 -999 1 0 2 0.02361273 0.9019513
3 1 0 0 0 3 1.488563 0.9451728
4 1 0 1 0 1 0.03570269 0.9588245
3 1 0 0 1 2 0.2052915 0.9557069
5 0 1 0 0 2 1.651536 1.067367
2 1 0 0 0 1 -0.6299037 1.020333
3 1 0 1 0 1 -1.165473 1.042827
0 1 0 0 1 3 0.4279794 0.9078452
1 1 0 1 0 1 1.700954 1.03045
5 1 0 0 0 0 -1.11934 0.9755192
0 0 0 0 0 1 -0.4288243 0.9031744
1 0 0 0 0 1 0.6557689 1.047333
2 1 1 2 2 0 -0.8850965 1.078721
4 1 0 0 0 2 0.6640909 1.094535
6 1 0 0 1 2 -0.3740215 1.026635
4 1 1 2 0 2 1.642568 0.9715738
3 1 0 0 0 3 -0.6330667 0.9232166
2 1 0 0 0 2 0.5390061 0.9694422
2 1 0 0 0 2 0.9143901 0.9903344
3 1 0 0 0 0 0.1030034 0.962016
2 1 0 0 0 2 -1.13966 0.9456726
3 1 0 0 0 2 -0.1127439 0.907939
3 1 0 2 1 0 0.1436632 1.075954
1 1 0 0 0 0 -0.6846654 1.098911
7 1 0 0 2 3 0.04364571 1.086621
3 1 0 0 0 3 0.1644466 1.091899
1 1 0 0 0 0 0.8459474 0.9925665
4 1 0 0 0 3 1.776129 1.035127
2 1 0 0 0 2 1.644857 0.9656307
3 1 0 0 0 0 -0.350848 0.923167
4 1 0 0 2 2 0.4494649 1.029738
1 1 0 0 0 2 -1.705069 1.008431
1 1 0 0 0 1 0.5195789 0.9964944
1 0 0 0 1 0 -0.09068326 1.045948
2 0 0 0 2 0 -0.1059023 0.9125901
5 1 0 0 0 0 -2.623407 1.092974
4 1 0 1 0 2 -0.4735768 1.075079
1 0 0 0 0 1 -0.85835 0.9283371
2 1 0 0 0 3 -0.2155724 0.9202304
4 1 0 0 1 1 -0.03540477 0.9405322
1 0 0 1 0 3 -0.5354887 1.083278
3 0 0 0 0 1 0.06959172 0.9430602
3 1 0 0 0 1 -1.079274 1.018794
1 1 0 0 0 1 1.387609 0.9703223
1 1 1 2 0 3 0.1512322 1.02712
4 1 0 0 0 0 0.5124834 1.024242
3 1 0 0 0 1 -1.312559 0.962122
2 1 0 0 0 3 0.3909218 0.9471749
3 1 0 1 0 3 -0.2284393 1.040042
4 0 0 0 0 2 -0.7170156 1.008113
3 1 0 0 0 3 0.1579575 1.097393
0 1 0 0 0 2 0.4037858 1.039774
2 1 0 0 0 0 0.2865975 0.9204644
4 1 0 2 0 1 -0.3114975 1.055122
3 1 0 0 0 1 0.986327 0.9546361
5 1 0 0 2 0 0.1279107 0.9875399
2 1 0 1 2 3 0.2249653 0.9814694
5 1 1 0 1 2 0.1332481 0.9486636
2 1 0 0 0 3 -0.1729635 0.9937833
1 1 0 0 0 0 0.9988904 1.037074
4 1 1 0 0 3 0.8388917 1.086437
5 1 0 0 0 2 -1.857078 0.9965406
2 1 0 0 0 2 0.9073541 0.9033932
2 1 0 0 2 2 0.005719917 0.9950303
0 0 0 2 2 3 -0.4898949 0.9717076
1 1 0 0 1 2 -1.774458 0.9225109
3 1 0 2 0 3 0.6041463 0.9244817
2 1 0 0 0 2 1.844515 1.084416
1 1 0 0 0 3 0.1717033 0.9650822
3 1 0 0 0 2 0.8855713 0.9879515
8 1 0 0 0 0 0.9104148 1.090903
1 1 0 0 0 2 0.2887233 1.0655
1 0 0 1 0 2 0.9544779 0.9691067
0 1 0 0 2 1 0.2123051 1.05332
1 1 0 0 0 0 0.8979749 1.004301
7 1 0 0 0 0 0.1683719 1.09118
4 1 0 0 0 2 -0.5040902 0.9915691
2 1 0 0 2 1 0.2915911 0.9552582
2 1 0 2 0 2 -0.8863289 1.052801
2 1 0 0 0 0 0.6752892 1.045701
3 1 0 2 0 2 -0.04869398 0.9104887
8 0 0 0 0 2 0.5137016 1.045687
2 1 0 0 0 2 -1.608367 0.9979287
5 1 0 0 0 0 -1.141756 0.9586307
1 1 0 0 0 0 -0.2426846 1.011642
2 1 0 0 2 2 0.1938448 0.9126465
5 1 0 0 0 0 0.9572251 0.9367655
5 1 0 0 1 3 0.1220814 0.9339873
7 1 1 0 0 3 -0.6648388 1.067918
3 1 0 0 0 2 1.458339 1.004039
3 1 0 0 1 1 -0.4286762 0.9271663
3 1 0 0 0 3 -1.638587 1.037282
3 1 0 1 0 3 0.392139 1.06046
2 1 0 0 0 2 -0.2654389 1.018838
3 1 0 0 0 2 1.278901 1.07404
2 1 1 0 2 1 0.07283875 1.020818
4 0 0 0 0 1 -0.8783171 0.9839317
2 1 1 0 0 1 -1.278078 1.099953
2 1 0 0 0 3 -1.398613 1.025237
2 1 0 0 0 1 -1.869903 1.036643
2 1 0 0 0 2 -1.008775 0.9148678
2 1 0 0 1 3 0.637386 1.033017
3 0 0 0 0 2 -0.4388561 0.933272
4 1 0 2 0 1 -0.02821123 1.097117
2 1 0 2 0 0 1.087897 1.009775
1 1 0 0 2 1 1.200699 1.067212
3 0 0 2 0 1 0.9189481 1.069521
2 1 0 0 1 3 0.2983533 1.010775
1 1 0 1 1 2 -1.140625 1.020048
5 1 0 1 2 0 1.098316 0.9939819
1 0 0 0 0 0 0.3275884 1.038908
3 1 0 2 0 3 -0.4245502 0.998618
2 1 0 0 0 3 0.2683502 0.9780431
1 1 0 0 0 1 -0.04536493 1.060021
3 1 0 0 0 3 -0.4977775 1.090139
2 1 1 2 2 3 0.4847951 0.9268189
5 1 0 0 2 2 -0.6336273 1.073771
0 1 1 0 0 1 -1.167211 0.9797755
3 1 0 1 0 2 -1.191499 1.081083
2 0 0 2 1 0 -1.427435 0.9545444
1 1 0 0 0 3 -1.181027 0.9310701
3 1 0 0 0 3 -0.2531877 1.092293
2 1 0 0 0 3 -0.7539886 0.9726085
1 1 0 0 0 1 1.33065 1.097855
2 1 0 0 0 3 1.480379 1.089338
1 1 0 0 0 3 0.3261392 0.9753822
3 0 0 0 0 2 -0.03560896 1.087317
3 1 0 0 0 3 -0.3914481 1.027163
1 0 0 0 0 2 -0.2274237 0.9322996
5 1 0 0 0 2 -0.3947394 1.006854
4 1 0 0 0 1 -0.1214588 1.045743
3 1 0 0 0 2 0.0008071065 1.05639
2 1 0 2 0 1 0.2450139 0.900827
6 1 0 1 0 0 -0.3599264 0.9999183
3 0 0 0 2 2 0.2205611 1.036964
2 1 0 0 0 2 -0.09501172 1.028893
4 1 0 0 0 2 0.07815852 0.9741584
2 1 0 1 0 0 -1.398866 0.9559741
5 1 0 0 0 3 0.2950797 1.05516
5 0 0 0 0 2 -0.7826261 1.089715
2 1 1 0 1 0 0.9183369 1.095223
1 1 0 1 0 3 -0.4581487 0.9550948
2 1 0 1 0 1 0.6782892 0.969072
1 1 0 0 0 2 -0.1547843 0.9885488
1 1 0 0 0 1 0.7840783 0.9193129
4 1 0 0 0 2 0.07849299 1.01277
4 0 0 0 0 0 0.5174024 0.9465394
5 1 0 0 0 1 -0.2663154 0.9191157
2 1 0 1 1 3 -0.3928095 0.955313
2 1 0 0 0 2 1.059761 0.9632432
2 1 1 0 0 0 -1.286543 0.9875445
2 0 0 0 0 1 1.137411 0.9737811
3 1 0 0 0 2 0.2924183 1.040968
2 0 0 0 0 2 -1.381451 1.00444
3 1 0 0 0 3 2.380642 1.079021
2 1 0 0 0 1 0.3453965 0.9951039
1 1 0 0 0 0 0.09923952 0.9616376
3 1 0 0 0 3 -0.2075886 1.098447
0 0 0 0 0 1 0.4487485 0.9109052
2 0 0 2 0 0 0.2252306 1.04965
5 1 0 0 0 0 1.48447 1.047444
3 1 0 1 0 0 -0.3713187 0.9645687
4 1 0 0 1 0 -0.2340352 1.098595
2 1 0 0 0 1 1.541348 1.014903
3 1 0 0 0 1 2.154224 0.9863598
2 1 0 0 0 0 -0.8550478 1.067886
3 0 0 0 0 1 -0.2531175 0.9011281
3 1 0 0 0 3 2.19046 1.037397
3 0 0 0 0 2 -0.7491127 0.9409402
5 1 0 0 2 3 -0.0394086 0.9654461
2 1 0 0 0 1 -0.8996765 1.071231
1 1 0 0 0 1 -0.05250983 1.086481
2 1 1 1 1 0 0.1450637 0.9254063
3 1 1 1 0 3 0.2571285 0.9148419
2 1 1 1 0 1 -0.4502272 0.9534414
1 1 1 1 1 3 0.4083629 0.9307105
1 1 0 1 0 0 2.203222 1.065384
2 1 1 1 2 2 0.4811422 0.9369275
2 1 1 1 0 2 1.393912 0.981502
2 0 0 1 1 3 0.7351525 1.076916
1 1 1 1 0 2 -0.9734816 0.9961439
0 1 0 1 0 3 1.594805 0.9091862
2 1 0 2 0 3 1.707017 0.9002019
0 1 1 1 0 3 1.825765 0.9084126
1 1 1 1 1 2 -0.8676555 1.038084
1 1 1 2 0 2 -0.1740887 0.9228672
0 1 1 0 0 0 -1.127081 0.951402
3 0 1 0 2 2 0.4680957 1.033564
1 1 0 1 0 2 -0.1787247 1.065482
0 1 0 1 0 1 0.3845058 0.955543
1 1 1 1 0 3 1.362937 0.9541408
2 1 1 1 0 0 0.2790929 0.9296299
0 0 1 0 0 3 0.1001992 0.966984
3 1 0 1 0 0 -0.1662383 0.9704071
2 1 1 1 0 2 -0.3052313 1.069004
1 1 0 2 0 2 -0.2524268 0.9528976
1 1 0 2 0 0 -1.589252 0.9998075
0 1 1 1 0 3 -0.3847562 1.04733
1 1 1 1 0 1 -2.410677 1.025893
3 1 1 1 0 1 1.268167 1.083637
1 1 0 1 0 1 -0.2016419 1.075067
0 1 0 2 0 2 1.992176 1.072099
1 1 0 1 0 3 1.595893 1.045438
0 1 0 1 0 0 -0.6711808 1.054919
1 1 1 1 2 2 -0.4297396 0.9534042
0 0 1 1 0 2 0.5960464 1.038483
1 1 1 1 0 3 1.630969 1.058399
0 1 1 1 0 3 -1.649539 0.9136452
0 1 1 1 2 3 -0.3944149 1.078664
1 1 0 1 2 0 0.1668044 0.996287
1 1 0 0 0 2 -0.6950724 0.974763
1 1 1 2 0 0 0.3924603 1.018351
4 0 1 0 0 2 1.185774 1.02283
0 1 0 1 0 0 0.3415286 1.045228
2 1 0 2 0 1 0.1991879 0.9765927
5 1 1 2 0 0 0.9430493 1.021145
2 1 0 1 0 2 0.4133622 0.93727
1 1 0 1 0 3 0.04174171 1.02631
1 0 0 1 0 2 -0.6605748 0.9370595
0 1 0 1 0 0 -0.2378837 0.9265818
1 1 1 1 0 0 -0.6097289 1.092645
1 1 0 1 1 0 -1.173908 0.914835
1 0 1 1 1 2 0.1776572 0.9464705
1 1 1 1 0 1 0.05037179 0.9829203
0 1 1 1 0 3 1.796643 1.038247
1 0 1 1 0 2 -0.009696347 0.9425263
0 1 0 1 0 0 0.2404719 0.9993555
0 1 1 0 0 3 -0.1701674 0.9276344
0 0 1 1 2 2 -0.1316801 0.9462432
0 1 0 1 0 0 -0.06182027 1.058899
0 1 1 0 1 2 -1.732207 0.9027063
0 1 1 2 0 1 0.7908741 0.9551039
1 1 1 1 0 0 -0.6069391 1.085762
1 1 1 1 0 0 -0.0600421 0.9180762
0 1 0 2 0 0 -0.5635321 1.051823
1 0 1 1 0 2 -0.1163248 0.9107897
1 0 0 1 0 2 0.1317231 1.023179
2 1 1 1 0 2 0.2731981 1.092531
0 1 1 1 0 0 -0.801005 1.07566
0 1 0 1 0 0 -1.045944 0.9499106
2 0 0 0 2 2 -1.097976 1.08423
1 1 1 0 0 1 -0.6655114 0.9767458
3 1 0 1 2 0 -2.07699 0.9119308
0 1 1 1 0 0 -0.8362644 0.9761585
0 1 0 1 0 2 1.021263 1.087528
0 0 1 1 0 3 -1.525782 0.9761067
2 1 1 1 0 3 -0.9200441 0.9043848
0 1 0 2 0 2 -0.8959173 1.016814
1 1 1 2 0 2 0.3664439 0.9084815
1 1 0 1 1 0 1.024022 0.9513447
0 1 1 0 0 2 -0.1085741 0.926597
0 1 1 1 1 1 0.4634234 0.9768754
1 0 1 -999 0 3 0.7885944 0.9406717
1 0 0 1 0 3 1.106679 1.034015
0 0 1 2 0 3 -0.5060228 1.036101
3 1 0 1 0 3 0.4607669 0.99657
3 1 1 0 0 2 -0.1217693 0.9453614
2 1 1 1 0 1 -0.6479656 1.081769
2 1 1 2 2 0 1.222937 1.088207
2 1 1 2 0 1 -1.092396 0.9713496
1 1 0 1 1 1 0.1797475 1.002113
1 1 1 0 0 3 -1.733258 0.9720179
3 1 1 0 0 2 -1.001653 1.048976
2 1 1 1 2 2 -0.9830659 1.037252
1 1 1 0 0 0 0.8736098 0.9873548
0 1 1 0 2 1 -0.8509821 1.064816
0 1 1 1 0 1 0.8500887 0.9959229
3 1 1 1 0 1 -1.993434 0.9637007
1 1 0 0 1 2 -1.130464 0.9999035
1 1 1 1 0 1 -0.3210734 0.9260087
0 1 1 1 0 3 0.6799607 0.9739677
0 1 1 1 0 0 -0.06211926 0.9410437
1 1 1 1 0 0 1.043494 1.061676
1 1 1 1 0 3 1.075463 0.9439521
3 1 1 0 0 2 0.685977 1.077385
1 0 1 1 0 3 -0.4131781 0.9632283
0 1 0 1 1 0 -0.2578774 1.015342
1 1 1 1 0 2 -0.174413 1.021882
0 0 1 2 0 1 -1.158945 0.9645397
0 1 1 1 0 2 0.06736655 0.9630664
2 1 1 2 0 1 0.6621132 1.054357
1 1 1 2 2 0 -1.105892 0.9080872
2 1 1 1 0 2 0.829655 0.9554569
0 1 1 2 0 0 -0.2092177 1.086228
0 1 0 1 0 2 -1.083225 0.9780108
1 1 1 2 0 1 -0.8945665 1.048963
1 1 0 1 0 3 0.8536222 1.074285
0 1 1 1 2 2 0.3002866 0.9156933
1 1 1 1 0 1 0.2603713 0.9251809
2 1 1 1 0 1 -0.606001 0.9286881
2 1 1 1 0 2 -0.6966518 1.069029
2 1 0 1 0 1 -0.01432289 1.049747
1 1 1 1 0 1 -0.6208635 1.095677
0 1 1 1 0 0 1.16155 1.076366
0 1 1 2 0 3 -0.9286646 0.9482227
3 0 1 2 0 1 1.592462 1.009572
2 0 1 1 0 1 -0.317567 0.991793
0 1 1 1 0 2 -0.3614565 1.066475
0 1 0 1 1 0 -0.9414938 0.9248702
0 1 1 1 0 3 -0.3902252 0.9797064
0 0 0 0 0 3 -1.506657 0.9216523
2 1 1 1 2 3 -0.00237782 0.9892665
3 0 1 1 2 3 -0.4942449 1.05741
3 1 1 0 0 0 0.8032065 0.9500661
1 1 1 1 0 0 0.4167658 1.079863
2 1 1 0 0 0 0.8276164 0.9684745
1 1 1 1 0 3 -0.7519005 0.9413966
2 1 1 0 0 0 0.1865318 0.9828726
2 0 0 2 1 2 0.1312388 0.9132285
0 1 0 1 0 0 0.9152561 1.092195
1 1 0 1 0 1 -1.049728 0.9270736
1 1 0 1 0 1 -0.6667942 0.9691714
0 1 1 1 0 2 0.4243864 0.999855
0 1 1 1 0 2 -0.4023134 1.034031
0 1 0 1 0 0 -0.2012504 1.042381
0 1 0 1 1 1 0.7706291 0.9809931
1 1 0 1 0 1 0.3731829 0.977312
2 1 1 1 0 1 1.02588 1.062907
1 1 1 1 2 1 -1.371777 0.9759214
2 1 1 1 0 3 0.6783894 1.004508
2 1 1 1 0 0 0.8520624 1.071215
3 1 1 1 2 1 1.98954 1.083866
1 0 1 0 0 3 1.143144 1.045825
0 1 0 1 0 2 -0.9798417 1.009155
3 1 1 2 0 0 1.284971 0.9626848
1 1 1 0 2 0 -0.1030225 0.9037206
2 1 1 1 2 1 0.2336321 1.055772
0 1 0 1 2 0 0.4271191 0.9428354
1 1 1 1 0 0 0.9388808 1.054876
0 0 1 1 0 0 -0.6231695 1.052679
0 1 1 2 0 0 0.1461669 1.065659
1 1 1 1 0 0 2.188344 1.035179
1 0 0 1 0 0 -0.6446505 1.075018
1 1 1 0 0 3 0.9145544 1.042208
0 1 1 1 0 1 1.003117 1.084761
2 0 1 1 2 1 -0.9698771 0.9484895
1 0 1 1 0 1 -0.4555708 1.080499
0 0 1 1 0 1 -0.7055284 1.034038
1 0 1 0 0 1 0.4386495 0.958639
0 1 1 0 0 0 -0.02208644 0.9699067
0 1 1 1 0 3 -1.731869 1.071764
1 1 1 1 0 2 0.1483831 0.9968861
0 1 0 1 0 0 0.5232958 1.024525
1 1 1 1 0 2 0.01941403 1.084681
0 1 1 1 0 0 0.243728 0.9778324
0 1 1 1 0 1 0.8581804 1.016219
1 1 1 1 0 2 1.216072 0.9062017
1 0 1 1 0 3 -0.5525498 0.9530777
0 1 1 1 0 2 0.1439298 1.046359
1 0 0 1 0 2 -0.9684835 1.051657
0 1 0 0 0 2 1.691046 0.9245494
1 0 1 2 2 2 -0.3604899 0.9585689
1 0 0 1 0 1 0.5647592 0.9687927
2 1 0 1 0 1 -0.9153574 1.023806
1 1 1 0 0 3 1.618779 1.074286
5 1 0 1 0 0 1.630221 1.090822
1 1 1 1 0 1 0.973351 0.9091912
1 0 1 1 0 2 2.008922 1.013941
0 1 0 1 0 0 1.390807 1.023266
1 1 1 1 0 1 -1.337341 0.9548352
0 1 1 1 0 3 -1.053777 0.9781961
2 1 0 1 0 0 -0.06759866 0.9467061
1 0 1 1 0 0 0.7694045 1.013972
2 1 1 1 0 2 1.396985 1.091175
0 1 1 2 0 2 -0.02645051 0.9666259
1 1 1 0 0 1 -1.070242 0.9360387
3 1 0 1 0 3 -2.072375 1.048521
1 0 1 1 0 0 0.09417609 1.06502
4 1 1 1 1 0 1.188779 1.055493
4 1 0 2 0 0 -0.1555909 1.029582
2 1 1 1 0 3 -0.1590352 0.9202659
1 1 1 1 0 0 0.4405206 0.9287958
1 1 0 1 0 3 1.617598 1.057597
1 1 1 1 0 2 2.268629 1.07941
0 1 1 2 0 3 -1.884095 0.9656946
2 1 1 2 0 0 1.185388 0.9654982
2 1 1 1 0 1 -0.790448 0.9495901
2 1 1 1 0 3 -0.8969637 0.9518276
2 0 1 1 0 0 -1.787608 1.084764
1 1 1 1 0 0 1.165463 0.9887907
1 0 1 1 1 1 0.2443992 0.9369168
1 1 1 1 0 1 0.08449706 1.020517
0 1 1 1 0 0 -0.0320547 1.005847
1 1 1 1 0 2 -1.878076 0.9188812
1 1 0 1 1 1 -2.302042 0.988001
2 1 1 1 1 3 -1.245109 1.08227
0 1 1 0 0 2 -0.5809978 0.9328566
0 1 1 2 0 3 -0.1752862 1.096503
0 1 0 1 0 0 1.374357 0.9532705
0 1 0 1 0 3 1.322122 0.9082513
0 1 1 1 0 0 -1.322098 0.9596279
2 0 1 1 2 1 -0.02929593 1.061269
0 1 1 2 0 1 -1.048809 1.038468
2 1 1 0 1 0 -1.434866 0.9141196
0 1 1 0 0 0 -0.9372059 1.079051
1 1 1 2 0 1 -0.2174722 0.9364613
1 1 1 1 0 0 -1.359501 0.9195281
1 1 1 1 0 0 0.9517604 0.9871678
1 1 0 1 0 0 0.6719381 0.9363981
1 1 1 1 0 1 -2.913809 1.031787
0 0 1 1 0 0 -1.987045 0.9889757
2 0 0 1 0 2 -0.6813873 1.057876
1 1 0 1 0 3 -0.1595989 0.9459695
2 1 1 2 1 2 -1.769919 1.033661
2 1 0 0 2 0 -0.1682904 1.087023
1 1 1 1 1 1 -0.4856515 1.060052
0 1 1 2 0 1 -0.7842671 0.9892765
1 1 1 1 0 2 -1.150793 1.090086
0 1 1 1 0 3 -0.1420947 0.9846585
2 1 0 1 0 1 -0.613051 1.076855
0 1 0 0 0 2 -1.874545 0.9276287
0 0 1 1 0 1 -1.37824 1.059809
2 1 1 1 0 3 -0.1267578 1.038913
0 1 1 1 0 0 0.5369755 1.075943
1 1 1 2 0 0 -1.181771 1.028038
1 1 0 1 0 0 -0.8372795 0.94224
1 0 1 1 0 1 0.6284512 0.9675089
0 1 1 1 0 0 0.696716 0.9141917
1 0 0 0 0 2 1.106247 0.97247
0 1 1 1 1 0 0.3637965 0.9302732
1 1 1 1 2 3 -0.5182519 0.9283592
2 1 0 0 0 0 0.7063106 1.051504
0 1 0 2 0 3 -0.7365751 0.9385866
0 1 0 0 0 2 1.727904 1.021381
1 1 1 1 0 1 -0.3618585 0.912811
0 1 1 2 0 3 0.6242236 0.9851677
0 0 0 2 2 2 -1.629936 0.9106674
0 1 0 2 2 3 0.7806306 1.024348
0 1 0 0 0 3 0.002169022 1.067564
0 1 0 2 0 0 -1.106653 1.065309
1 0 1 0 0 3 0.601703 1.097805
0 0 0 2 0 2 -0.1927766 1.039803
0 1 0 2 1 3 0.03518783 0.9642466
0 1 1 0 0 1 1.522279 0.9950853
1 1 1 2 0 3 -0.1834304 1.08952
0 1 0 2 0 3 1.207504 0.9662071
0 1 0 2 0 1 -0.8164556 1.077846
0 1 1 2 0 3 -0.3608306 1.022834
0 1 1 2 0 2 1.73754 1.066706
0 0 0 1 0 3 0.2633196 0.9725588
0 1 1 2 0 1 0.4070185 0.9415126
0 1 1 2 0 3 -1.069353 1.092967
1 1 0 0 0 3 0.355802 1.013355
0 1 0 2 0 0 1.957212 1.053689
0 0 1 2 0 3 0.4560145 0.996292
0 1 1 1 1 3 0.006000282 1.01995
0 1 0 2 0 3 1.578101 0.9030372
0 1 1 1 0 3 1.067552 0.9943131
0 1 0 0 0 3 -0.05178349 0.9459122
0 0 1 2 0 3 0.06187373 1.072577
0 1 1 2 1 3 -1.460462 1.032971
0 1 1 2 0 3 1.06695 1.06828
2 0 1 2 0 3 -0.5246354 1.076095
0 0 0 2 0 3 -1.9661 0.9422291
0 1 0 2 2 3 -0.6962995 1.05493
0 1 1 0 0 3 -0.03876505 0.9914825
0 1 0 2 0 0 -0.6527015 1.094819
0 1 1 1 0 3 0.4711273 1.017992
0 1 0 2 0 3 -1.086349 1.022278
0 1 1 2 2 1 0.1000413 1.064267
0 1 0 2 0 3 -1.2469 0.9612375
0 1 1 2 0 0 1.138711 1.085433
0 1 0 2 2 3 1.212551 0.9624984
0 1 0 2 0 3 -0.7139241 1.068114
1 1 0 2 2 3 -0.1023171 0.9729802
1 1 1 1 0 1 0.7305006 1.083292
0 1 0 0 0 2 1.670894 0.9728292
0 1 1 2 0 1 1.027934 0.9029486
1 1 0 2 0 1 -0.7182859 1.058955
1 1 0 2 0 3 1.470802 1.066262
0 1 1 1 0 0 -0.2272159 0.9914605
1 1 0 2 0 2 0.2802057 1.082501
0 1 0 2 0 2 0.1716877 1.024197
0 1 0 2 0 3 -0.2443794 0.9346876
0 1 0 2 0 3 -0.3226417 0.9837389
0 1 0 2 0 3 0.7361911 1.054334
0 1 1 1 0 1 -1.633079 0.9016589
0 1 0 2 0 3 -0.3779993 1.001038
0 1 0 2 0 3 -0.1992166 0.998126
0 0 1 2 0 3 -0.03116678 0.90208
0 1 0 2 0 3 -0.6273311 0.9979685
0 0 0 2 0 2 0.5277689 1.083532
0 1 1 2 0 0 -1.490161 0.9965025
0 1 0 2 0 0 -0.4278336 0.9964162
0 1 1 1 0 3 1.293156 0.944419
0 1 0 2 0 3 -0.1635818 0.9153294
1 0 0 2 1 3 -0.9185122 1.046175
0 1 1 2 0 3 1.747585 1.025744
0 1 1 2 0 3 0.4375386 1.006288
0 1 1 2 0 3 -1.122412 1.051592
0 1 1 2 0 0 -1.495939 0.9702962
0 1 0 2 0 3 -0.9050744 1.080263
1 1 0 2 0 3 -0.0971402 0.978426
0 0 1 2 0 3 -1.832681 1.067923
0 1 0 2 0 1 -0.2805735 1.04503
0 0 1 2 0 3 0.3305924 0.9290733
0 1 1 2 2 2 -0.8557209 0.9599393
0 1 0 0 0 2 0.389613 0.9941106
0 1 1 1 0 0 -1.348637 0.9955357
0 0 0 2 1 3 -0.8629514 1.061328
0 1 0 2 0 0 -2.343806 1.032969
0 1 0 2 0 3 -0.9709304 1.050987
2 1 0 2 0 3 1.109862 1.095385
1 1 1 0 0 2 0.3304509 0.9275949
0 1 0 2 0 3 0.3065627 0.9528785
0 0 0 2 0 3 0.1341847 1.093399
0 1 0 2 0 3 -0.9745477 0.9663953
0 1 0 1 0 3 -2.289672 0.9742072
0 1 0 2 0 3 0.01168334 1.008034
0 0 0 2 0 1 -0.4901631 1.076607
0 1 1 2 0 3 1.294802 0.9946059
0 1 1 2 0 3 1.420141 0.9520167
0 0 1 2 0 1 1.209666 1.067682
1 1 1 2 0 3 -0.1073988 1.093259
1 1 1 2 0 1 -0.4655038 1.090579
0 1 1 0 0 3 -0.2646529 0.9318482
0 1 0 2 0 3 0.4813478 1.028433
1 1 0 2 0 1 1.346811 1.046793
0 1 0 2 2 3 0.1870821 1.057652
0 1 0 2 0 3 -0.2612341 1.065236
0 1 0 2 0 0 0.6492579 1.002795
0 1 0 2 0 0 0.7434135 1.009388
0 0 0 2 0 3 -0.886954 1.010806
0 1 1 2 1 3 1.887495 0.9294988
0 1 1 2 0 2 0.9118693 0.9553262
0 1 0 0 0 3 0.1271989 0.9787316
0 1 1 1 0 3 -0.6232007 1.098801
0 1 0 2 0 3 -0.8017085 0.9817589
0 1 1 2 1 2 0.09955339 0.9292154
0 1 0 2 2 3 0.4641313 0.9867418
0 1 0 2 0 3 -1.426577 0.9706177
0 1 1 0 0 1 -0.3978462 1.093551
0 1 0 2 0 3 0.6616692 1.019103
0 1 1 0 0 2 0.2967752 1.070992
0 1 0 0 0 2 -0.9795539 0.9691285
0 1 1 2 0 3 -0.08693265 1.056532
1 1 0 0 0 3 -1.035021 1.071953
0 1 0 2 1 2 -1.033994 1.034648
0 1 0 2 0 2 1.285737 1.054221
0 1 1 2 0 3 -0.04438571 0.9696859
0 1 1 2 0 2 0.3376841 0.9681062
0 1 0 2 0 3 -0.08865735 0.9866164
1 0 1 2 0 3 -0.5366178 0.9886814
0 1 0 2 0 3 -0.9347107 0.9705862
0 1 1 2 0 3 -0.007916585 0.9426144
0 1 0 2 0 3 -1.314525 1.046634
1 1 1 2 0 2 -0.1841835 1.008829
0 1 1 2 0 3 -2.206778 1.024697
0 1 0 2 0 3 1.296072 0.9285518
0 1 0 1 0 3 -1.462487 0.9290548
0 1 0 2 2 3 -1.5208 0.9796035
0 1 1 2 0 3 -0.03702691 0.9326133
0 0 0 2 0 1 1.338605 0.9924745
0 1 0 2 0 3 0.2878542 1.077813
0 1 0 2 0 3 -0.1915722 0.908187
0 0 0 2 1 3 -0.5948291 1.037145
0 1 1 2 0 3 -0.04199113 0.9851786
0 1 0 0 0 3 -0.3060488 1.008486
0 0 0 2 0 3 -0.8388131 0.9582406
0 1 0 2 0 3 0.001574172 1.037439
0 1 0 2 0 1 1.263018 1.032271
0 1 1 0 0 0 -0.4984603 0.9890728
0 1 0 2 0 3 -0.693567 1.054614
0 1 0 2 1 3 -0.697907 1.012454
0 1 0 2 2 3 -0.3975939 0.9555428
0 0 1 2 0 3 0.04761218 1.005783
0 0 0 2 0 2 1.077358 1.071753
0 0 0 2 0 3 -0.1483572 0.9688789
0 1 0 2 0 0 0.2197652 0.9919952
0 1 0 2 0 3 -0.1038599 0.9822384
0 1 1 2 2 3 -0.3549959 1.025999
0 0 1 0 1 3 -1.065072 0.9476173
