0.983797 0.976169 0.973103 0.92692 0.863517 0.956158 0.936813 0.973661 0 0.862587
0.983797 0.976169 0.973103 0.92692 0.863517 0.956158 0.936813 0.973661 0 0.862587
0.983797 0.976169 0.881164 0.92692 0.947612 0.956158 0.936813 0.973661 0 0.837776
0.983797 0.976169 0.881164 0.92692 0.947612 0.956158 0.936813 0.973661 9.23468e-05 0.842474
0.983797 0.976169 0.881164 0.92692 0.947612 0.956158 0.936813 0.984787 0 0.895494
0.983797 0.976169 0.881164 0.92692 0.947612 0.956158 0.936813 0.95976 0 0.895494
0.983797 0.976169 0.881164 0.92692 0.947612 0.956158 0.936813 0.95976 0 0.895494
0.983797 0.976169 0.886933 0.92692 0.947612 0.956158 0.936813 0.95976 0 0.895494
0.983797 0.976169 0.886933 0.92692 0.947612 0.956158 0.936813 0.95976 0 0.895494
0.983797 0.976169 0.886933 0.92692 0.947612 0.956158 0.936813 0.95976 0 0.895494
