-0.920361 0.157066 -1.2968 1.65643 -1.52608 -0.854555 1.80248 0.131722 -1.0471 0.0393353 -1.6879 -1.63813 1.06631 1.04245 1.33317 -1.24144 2.26251 -2.26202 -0.875043 1.31812 0.245697 1.26984 -0.964117 -0.833135 -0.769572 -3.38707 0.478602 -0.186992 2.06883 -1.10933 -2.2259 -4.33291 -7.42191 -4.26964 4.69988 -2.02533 5.93461 -1.23262 -2.68863 2.03831 -0.704798 1.29201 3.66075 -0.901669 4.00436 1.73361 -6.78888 -1.38016 1.97231 3.10467 3.00937 1.0297
-0.920361 0.157066 -1.2968 1.65643 -0.854555 -1.52608 1.80248 0.131722 -1.0471 0.0393353 -1.6879 -1.63813 1.06631 1.04245 1.33317 2.26251 -1.24144 -2.26202 -0.875043 1.31812 0.245697 1.26984 -0.964117 -0.833135 -1.34938 1.603 1.8709 0.916673 -2.43082 -0.61917 2.28819 -4.57997 1.35179 -3.05117 -4.01354 -0.686575 -0.185501 -3.2108 -0.285745 -1.5017 1.71554 -1.04238 -2.06138 5.21135 -1.76954 -2.62042 -0.557739 0.90118 -7.33817 -0.330099 -1.29244 2.11549 -6.42603 0.0116216 -0.786778 -3.08793 -0.468268 -1.3484 4.7648 -1.92486 4.94021 3.17696 1.21534 -3.33118
-0.920361 0.157066 -1.2968 1.65643 -0.854555 1.80248 -1.52608 0.131722 -1.0471 0.0393353 -1.6879 -1.63813 1.06631 1.04245 1.33317 2.26251 -1.24144 -2.26202 -0.875043 1.31812 0.733308 1.10574 -7.0767 0.882867 -4.91116 -6.68813 -2.32146 -1.32177 -0.361106 0.307279 1.96575 0.204609 0.551421
-0.920361 0.157066 1.65643 -1.2968 -0.854555 1.80248 0.131722 -1.52608 -1.0471 0.0393353 -1.6879 -1.63813 1.06631 1.04245 1.33317 2.26251 -1.24144 -2.26202 -0.875043 1.31812 -13.6607 0.215216 -4.12939 5.08972 -2.2122 -1.61542 -1.42751 -2.27132 -1.68223 -2.78308 0.467123 0.0942476 0.75076 -1.94341 -1.07467 -2.05619 1.18766 -1.69914 -1.34741 -1.01998
-0.920361 0.157066 1.65643 -1.2968 -0.854555 1.80248 0.131722 -1.52608 -1.0471 -1.6879 0.0393353 -1.63813 1.06631 1.04245 1.33317 2.26251 -1.24144 -2.26202 -0.875043 1.31812 1.41419 2.65945 -2.33521 -5.71301 1.90301 0.489021 -0.311623
-0.920361 0.157066 1.65643 -1.2968 1.80248 -0.854555 -1.52608 0.131722 -1.0471 -1.6879 0.0393353 -1.63813 1.06631 1.04245 1.33317 2.26251 -1.24144 -2.26202 -0.875043 1.31812 4.44432 -2.49806 1.71269 -4.78003 1.91911 1.92274 -1.07656 -3.28018 -1.56851 0.485462 -0.504252 -2.34661 0.803183 0.69837 -3.62006 0.351912 0.83516 -1.06929 1.31564 1.19488 1.99609 4.60763 -5.41855
-0.920361 0.157066 1.65643 -1.2968 1.80248 -0.854555 -1.52608 0.131722 -1.0471 -1.6879 0.0393353 -1.63813 1.06631 1.04245 1.33317 2.26251 -1.24144 -2.26202 -0.875043 1.31812 -2.49806 4.44432 1.71269 -4.78003 1.92274 1.91911 -1.07656 -3.28018 -1.56851 0.485462 -0.504252 -2.34661 5.75941 -1.36131
-0.920361 0.157066 -1.2968 1.65643 1.80248 -0.854555 -1.52608 0.131722 -1.0471 -1.6879 0.0393353 -1.63813 1.06631 1.04245 1.33317 2.26251 -1.24144 -2.26202 -0.875043 1.31812 -2.49806 4.44432 1.71269 1.92274 -4.78003 1.91911 -1.07656 -2.80281 -0.578745 0.743713 1.73484 1.22352 -5.77065 3.54587 2.65985 -2.07673 -4.14875 0.391942 -3.63823 0.630064 1.19774 2.59864
-0.920361 0.157066 -1.2968 1.80248 1.65643 -0.854555 -1.52608 0.131722 -1.0471 -1.6879 0.0393353 -1.63813 1.04245 1.06631 1.33317 -1.24144 2.26251 -2.26202 -0.875043 0.274804 0.993395 4.69957 1.89224 -1.49258 -0.382382 0.617941 -4.23533 -0.751457 -5.78847 -0.210305 5.31013 0.0592068 -1.022 0.419897 0.629423 14.3593 2.67875 10.2322 -5.07438
1.65643 0.157066 -1.2968 1.80248 -0.920361 -0.854555 -1.52608 -1.0471 0.131722 -1.6879 0.0393353 -1.63813 1.04245 1.06631 1.33317 -1.24144 2.26251 -2.26202 -0.875043 0.274804 0.993395 -4.81987 -1.46203 2.46961 0.581775 -1.09222 -3.49445 2.41783 -0.38799 1.81347 1.14015 0.523342 1.41851 -2.37485 0.0835176 2.37205 -0.592867 -0.586181 0.0379226 0.275963 0.44886 -7.61151 3.8966 -3.16621 -5.08412 4.61577 0.646815 -5.01944 -0.84172 -1.7086 2.38053 -0.895579 0.36187 -0.056847 -0.532012 1.66454 0.384111 -0.882656 -8.76117 0.750505 2.26251 -1.39118 -0.765714 2.32841 -0.673538 2.95199 -2.71544 -2.70929 -5.12374 -0.700802 -1.38724 8.97795 -4.25347 -2.6532 -4.47979 4.41775 -5.94745 4.17367
