58 25 19 65 122 220 89 46 26 53 34 81 0 26 5 100 10 7 2 1 0 8 1 0 0 0 0 0 0 1 0 0 0 0 0 0 0 1 0 0 0 0 0 0 0 0 0 0 0 0 0 0 0 1000
69 16 70 24 125 206 94 52 40 50 23 82 0 32 6 86 9 4 0 1 0 5 1 0 0 0 1 0 0 2 0 0 0 0 1 0 0 1 0 0 0 0 1000
72 18 61 17 127 112 207 48 47 41 19 95 0 21 3 84 10 9 0 0 0 2 0 1 0 0 2 0 0 2 0 0 1 0 0 0 0 1 0 0 0 0 0 0 0 0 0 0 1000
71 21 60 20 132 105 211 51 48 53 18 99 0 18 3 68 7 5 1 0 0 4 0 1 0 0 4 0 0 0 0 0 0 0 0 0 0 0 0 0 0 0 0 0 0 0 0 0 0 0 0 0 1000
60 18 49 34 133 108 206 56 46 18 47 108 0 24 3 72 5 3 2 0 2 1 2 1 0 0 2 0 0 0 0 0 0 0 0 0 0 0 1000
56 21 39 37 140 103 197 57 47 25 42 102 1 2 27 83 3 5 0 1 0 5 2 2 0 3 0 0 0 0 0 0 0 0 0 0 0 0 0 0 1000
61 28 45 46 132 204 101 57 39 25 34 98 1 1 24 85 0 4 3 0 0 5 3 2 0 0 0 0 0 0 0 0 1 0 0 0 0 0 0 0 1 0 0 0 0 0 0 0 0 0 0 0 0 0 0 0 0 0 0 0 0 0 1000
50 22 51 49 141 199 108 53 34 22 34 95 1 2 29 86 0 7 3 1 0 7 2 3 0 0 0 1 0 0 0 0 0 0 0 0 0 0 0 0 0 0 0 0 0 0 0 0 0 0 0 0 1000
48 30 45 43 139 199 96 59 41 24 26 98 2 2 30 97 0 8 1 3 0 4 2 3 0 0 0 0 0 0 0 0 0 0 0 0 0 0 0 0 0 0 0 1000
44 32 60 48 136 203 97 63 41 21 30 97 5 4 18 81 8 1 3 0 1 1 3 3 0 0 0 0 0 0 0 0 0 1000
