0.18091 0.0266418 0.0544865 0.0164079 0.129657 0.0956578 0.0650401 0.0230411 0.00078402 0.00368322 0.0348639 0.0197237 0.0137743 0.152721 0.169386 0.00771768 0.00198859 0.000470049 0.00215819 0.000339979 0.000278212 5.76876e-05 0.000148332 7.76781e-06 1.56483e-05 2.02375e-05
0.166386 0.0351587 0.0724212 0.0148573 0.121615 0.10113 0.0653363 0.00667265 0.00321949 0.000174722 0.0294404 0.0108243 0.0177919 0.170799 0.148768 0.0248891 0.00656131 0.000932827 0.00245397 5.90146e-05 0.000135726 4.39017e-05 1.67419e-05 0.000111788 0.000113514 2.86417e-05 4.27813e-05 6.8309e-06 1.21212e-06 7.95925e-07 3.4234e-08 2.2448e-06 9.34855e-07 1.3094e-06 3.11877e-07 1.50147e-07 8.82131e-07 3.17621e-07 1.28104e-07
0.176785 0.0337989 0.0804119 0.0122993 0.144764 0.103764 0.038933 0.00483254 0.00336228 0.00233786 0.0210669 0.00984472 0.00970425 0.178291 0.159164 0.0097276 0.00297125 0.00293658 0.00209848 0.000757229 0.000750542 0.000217732 0.000392206 3.98392e-05 5.70537e-06 0.00021516 6.22002e-05 0.000217327 0.000114059 3.37684e-05 1.93481e-05 4.80917e-05 3.3176e-06 2.99468e-07 4.83098e-06 5.29959e-06 3.33953e-06
0.169548 0.0270662 0.0596182 0.0104991 0.14297 0.105298 0.0657054 0.00648809 0.00256958 0.000385127 0.0321731 0.00899472 0.0158944 0.177926 0.161798 0.00414598 0.00289116 0.00429779 0.000654815 0.000182358 0.00015204 6.76787e-05 3.99595e-05 9.82579e-05 1.85258e-06 8.82383e-05 6.1966e-05 6.29244e-05 1.67383e-06 0.000189946 6.4272e-06 3.11326e-05 8.75392e-06
0.177998 0.0161216 0.0689886 0.022386 0.123113 0.108534 0.0436487 0.00486092 0.00286908 0.00020272 0.0383871 0.00579095 0.0151931 0.185643 0.170095 0.0104747 0.00151373 0.00143639 0.000903474 0.000352984 0.000775051 0.000258073 4.94646e-05 4.70391e-05 8.49278e-05 5.04184e-05 6.80179e-05 8.13447e-05
0.188547 0.015111 0.0802234 0.0180006 0.122046 0.0996751 0.0421038 0.00888334 0.000523961 0.00224247 0.0434868 0.00583465 0.0121205 0.169754 0.178502 0.0028467 0.00299042 0.00104517 0.00220778 0.000293005 0.00132207 0.000560341 4.56089e-08 0.000314476 0.000315939 0.000178962 9.58374e-05 0.000490676 4.15637e-05 0.000113544 1.74605e-06 3.13688e-05 4.26886e-06 1.16834e-05 2.67095e-07 1.81109e-05 1.13729e-05 1.23532e-05 1.37625e-05 6.72219e-06 4.0363e-06
0.177021 0.0171896 0.078551 0.0134089 0.147355 0.106467 0.00793776 0.0380717 0.000309678 0.000251333 0.0329333 0.0110478 0.00869674 0.162031 0.178073 0.00281663 0.00451584 0.00779945 5.97505e-06 0.000430404 0.000967768 0.000750807 0.000578219 0.00104107 1.41033e-05 0.000197568 6.57567e-05 0.000582598 0.000158372 0.000185142 0.000120426 8.78043e-05 0.000184573 3.73431e-05 5.39412e-05 4.91921e-06 1.27136e-05 2.3291e-05
0.184822 0.0303104 0.0889549 0.0150237 0.0793183 0.157472 0.0118311 0.0290973 0.00315849 0.00053746 0.0243703 0.00558906 0.00847079 0.16366 0.181664 0.00183664 0.00433675 0.00264478 0.00143263 0.00155569 0.000543415 0.000257071 0.00142105 0.000590791 8.51799e-05 6.62266e-05 8.44652e-05 0.000298728 2.56079e-05 3.9453e-05 4.0079e-05 8.12398e-05 0.000219359 3.31435e-06 5.36839e-06 3.06636e-05 9.45021e-06 3.28803e-05 5.88224e-05 5.54691e-06 1.51181e-06 2.55325e-06 2.17695e-07 5.11998e-06 1.57824e-06 5.65594e-08 1.00987e-06 4.55819e-07 1.13016e-08 3.009e-07 3.55708e-10 2.65726e-07 1.46476e-07 6.0883e-07 7.84439e-07 3.5765e-08 6.08242e-08 4.35212e-08 2.11353e-07 4.87548e-08
0.187871 0.0256145 0.0987231 0.0155004 0.105636 0.135789 0.0380754 0.0143558 0.00314167 0.000485933 0.023799 0.00570799 0.0046291 0.142295 0.167245 0.00637901 0.00646642 0.00999552 0.000612182 0.000675159 0.000559517 0.000193857 0.00263381 0.00114547 0.00139176 3.79637e-05 0.00022372 1.41448e-05 3.00295e-05 3.29287e-05 3.56587e-06 0.000191739 9.63345e-06 8.39753e-05 0.00022583 4.68776e-05 4.2874e-05 1.87472e-05 1.92858e-05 5.32792e-05 3.08152e-06 1.46712e-05 8.44732e-06
0.184236 0.0227624 0.0823537 0.0164712 0.0827308 0.140703 0.0432559 0.0150456 0.000199014 0.00152373 0.00593305 0.0275916 0.00654079 0.151728 0.198509 0.00242586 0.00484325 0.00599892 0.00308092 0.00131466 0.000534658 0.000543079 0.000375983 0.000412387 0.000109187 0.000353086 2.96912e-05 2.14507e-05 9.77153e-05 8.07767e-05 6.1852e-06 2.47073e-05 4.50984e-05 3.12971e-05 6.48188e-06 1.55895e-05 1.10329e-05 3.20129e-06 1.42996e-05
