-6645.95 -5231.34 -1414.61
-6759.52 -5350.94 -1408.58
-6662.67 -5259.33 -1403.34
-6693.69 -5289.91 -1403.78
-6698.31 -5293.16 -1405.15
-6675.77 -5278.6 -1397.17
-6632.14 -5227.76 -1404.38
-6637.49 -5227.76 -1409.73
-6624.19 -5214.92 -1409.27
-6827.19 -5418.8 -1408.4
-6685.92 -5291.86 -1394.06
-6636.89 -5231.64 -1405.25
-6679.94 -5263.38 -1416.56
-6643.25 -5233.44 -1409.81
-6706.42 -5278.63 -1427.79
-6640.66 -5228.63 -1412.03
-6635.72 -5223.35 -1412.37
-6635.35 -5217.2 -1418.15
-6628.19 -5214.81 -1413.38
-6634.05 -5223.1 -1410.95
-6636.62 -5226.57 -1410.04
-6630.46 -5219.55 -1410.91
-6691.08 -5275.41 -1415.68
-6635.59 -5228.65 -1406.94
-6632.97 -5224.12 -1408.85
-6626.75 -5217.96 -1408.79
-6627.11 -5215.06 -1412.05
-6624.72 -5210.89 -1413.83
-6622.13 -5211.71 -1410.43
-6726.24 -5318.99 -1407.25
-6898.74 -5503.68 -1395.06
-6687.22 -5305.11 -1382.1
-6619.67 -5212.69 -1406.98
-6625.81 -5213.86 -1411.96
-6629.1 -5224.03 -1405.07
-6624.81 -5214.44 -1410.37
-6623.93 -5215.94 -1407.99
-6629.55 -5212.35 -1417.2
-6634.74 -5224.11 -1410.64
-6634.56 -5223.08 -1411.48
-6812.81 -5402.91 -1409.9
-6707.87 -5309.7 -1398.17
-6632.46 -5221.78 -1410.68
-6686.41 -5270.87 -1415.54
-6627.34 -5216.65 -1410.69
-6690.26 -5270.57 -1419.69
-6626.24 -5220.9 -1405.34
-6632.54 -5222.91 -1409.64
-6628.91 -5225.19 -1403.72
-6628.45 -5223.66 -1404.79
-6625.13 -5221.94 -1403.19
-6625.43 -5216.42 -1409.01
-6621.56 -5214.45 -1407.11
-6617.54 -5208.64 -1408.9
-6620.62 -5208.32 -1412.3
-6631.29 -5222.94 -1408.35
-6649.44 -5240.2 -1409.25
-6632.94 -5225.72 -1407.22
-6675.96 -5255.96 -1420.01
-6628.74 -5221.44 -1407.29
-6624.14 -5221.09 -1403.04
-6740.68 -5339.36 -1401.32
-6636.33 -5233.14 -1403.19
-6745.59 -5340.37 -1405.22
-6637.6 -5230.77 -1406.83
-6670.79 -5257.09 -1413.7
-6624.17 -5211.81 -1412.35
-6631.11 -5222.71 -1408.4
-6677.01 -5263.7 -1413.31
-6626.82 -5216.59 -1410.23
-6632.49 -5222.56 -1409.93
-6624.43 -5222.13 -1402.3
-6628.7 -5219.75 -1408.95
-6632.27 -5217.29 -1414.98
-6622.59 -5207.58 -1415
-6623.95 -5224.04 -1399.91
-6624.46 -5217.45 -1407.01
-6622.66 -5211.64 -1411.02
-6623.21 -5216.43 -1406.78
-6635.01 -5219.47 -1415.54
-6617.53 -5213.9 -1403.64
-6628.51 -5210.7 -1417.82
-6689.15 -5276.51 -1412.65
-6635.12 -5226.4 -1408.72
-6637.15 -5223.84 -1413.31
-6629.81 -5222.53 -1407.28
-6625.35 -5219.93 -1405.43
-6622.36 -5216.28 -1406.09
-6626.38 -5216.65 -1409.72
-6656.85 -5249.17 -1407.68
-6646.19 -5236.38 -1409.82
-6649.42 -5237.24 -1412.17
-6673.14 -5247.48 -1425.65
-6637.85 -5218.89 -1418.96
-6709.06 -5307.98 -1401.08
-6638.49 -5240.36 -1398.12
-6631.56 -5227.64 -1403.92
-6640.53 -5217.26 -1423.28
-6682.85 -5262.5 -1420.35
-6717.66 -5303.19 -1414.47
