0.436756 0.179892

0.437456 0.192383
0.436808 0.184339

0.437805 0.210172
0.436517 0.171023

0.437413 0.192416
0.436526 0.171023

0.437717 0.205708
0.436535 0.171023

0.437525 0.196863
0.436543 0.171023

0.43763 0.201277
0.436552 0.171023

0.43803 0.218902
0.436265 0.157828

0.437936 0.214504
0.436373 0.162218

0.437941 0.214504
0.436773 0.179747

0.438142 0.223268
0.437073 0.192869

0.438341 0.232016
0.436788 0.17977

0.438345 0.232016
0.437282 0.201562

0.438447 0.236375
0.437094 0.192861

0.438063 0.218973
0.437198 0.197203

0.437778 0.205946
0.43759 0.214542

0.437783 0.205946
0.437885 0.227523

0.438269 0.22758
0.437698 0.218885

0.438082 0.218942
0.437703 0.218885

0.437799 0.206008
0.437327 0.20167

0.437995 0.214615
0.437238 0.197373

0.437524 0.193135
0.43715 0.193085

0.438005 0.214577
0.437062 0.188804

0.437725 0.201734
0.437258 0.197351

0.437636 0.197461
0.437264 0.197351

0.43717 0.176132
0.437082 0.188834

0.436894 0.163357
0.437183 0.193085

0.43662 0.150604
0.43719 0.193085

0.437002 0.167578
0.437383 0.201557

0.43757 0.192994
0.438042 0.231158

0.437762 0.201452
0.438233 0.2396

0.437674 0.19723
0.438144 0.235386

0.437773 0.201444
0.438241 0.239593

0.43787 0.205651
0.438152 0.235393

0.437783 0.201451
0.437972 0.227009

0.437972 0.209836
0.437701 0.214454

0.437425 0.184726
0.437523 0.206098

0.437248 0.17637
0.437162 0.189415

0.437346 0.180541
0.43726 0.193579

0.437352 0.180541
0.437722 0.214362

0.437084 0.168071
0.437455 0.201913

0.437182 0.172221
0.437551 0.206056

0.437279 0.176363
0.437647 0.210191

0.437285 0.176363
0.437743 0.214319

0.437111 0.168106
0.437748 0.214319

0.437658 0.192835
0.437393 0.197861

0.437213 0.172262
0.43722 0.189646

0.437309 0.17637
0.437226 0.189646

0.437136 0.168168
0.437054 0.181457

0.437143 0.168168
0.43706 0.181457

0.437416 0.18043
0.437067 0.181457

0.437333 0.176349
0.437428 0.197752

0.437162 0.168202
0.437965 0.222154

0.437168 0.168202
0.437881 0.218094

0.437704 0.192564
0.437885 0.218094

0.437445 0.180403
0.438066 0.226187

0.43789 0.200637
0.438158 0.230228

0.437982 0.204678
0.438337 0.238295

0.437812 0.19661
0.437729 0.210105

0.437729 0.192583
0.437996 0.222167

0.437821 0.196604
0.437739 0.210125

0.437913 0.200618
0.43757 0.20211

0.438004 0.204625
0.437316 0.190107

0.437749 0.192622
0.437322 0.190107

0.437581 0.184633
0.437845 0.214036

0.437414 0.176657
0.437849 0.214036

0.437075 0.16073
0.438112 0.225962

0.437253 0.168681
0.43803 0.221993

0.437173 0.164712
0.437778 0.210105

0.437778 0.19245
0.437868 0.214061

0.437527 0.180581
0.438128 0.225911

0.437362 0.172681
0.438132 0.225911

0.437537 0.180569
0.438051 0.221974

0.437627 0.184506
0.437886 0.214111

0.437378 0.172712
0.438143 0.225887

0.437131 0.160937
0.437979 0.218049

0.437221 0.164856
0.437815 0.210223

0.437227 0.164856
0.43782 0.210223

0.437568 0.180482
0.437741 0.206322

0.437238 0.16488
0.437662 0.202428

0.437077 0.157091
0.438 0.217982

0.437417 0.172645
0.437838 0.210217

0.437505 0.176527
0.437925 0.214093

0.437759 0.188156
0.437681 0.202482

0.437681 0.184286
0.437603 0.198618

0.437686 0.184286
0.437691 0.202476

0.437608 0.180428
0.438025 0.217886

0.437778 0.188133
0.438029 0.217886

0.437782 0.188133
0.438525 0.240931

0.437869 0.191973
0.438528 0.240931

0.437955 0.195808
0.438449 0.237102

0.437959 0.195808
0.438126 0.221809

0.437882 0.191985
0.437886 0.210357

0.438293 0.211072
0.437809 0.206545

0.438134 0.203449
0.437814 0.206545

0.438381 0.214866
0.437737 0.202745

0.438141 0.203466
0.437984 0.214128

0.438226 0.20726
0.438149 0.221705

0.438149 0.203472
0.438313 0.229271

0.438233 0.207255
0.438557 0.240603

0.438557 0.222364
0.43808 0.217973

0.43856 0.222364
0.437924 0.210441

0.438643 0.22613
0.438327 0.229243

0.438805 0.233651
0.437932 0.210469

0.438887 0.237406
0.438095 0.217968

0.438651 0.226158
0.437941 0.21048

0.438416 0.214927
0.438103 0.217957

0.438498 0.218665
0.438343 0.229155

0.43858 0.222397
0.438425 0.232882

0.438583 0.222397
0.438428 0.232882

0.438271 0.20751
0.438431 0.232882

0.437882 0.188929
0.438434 0.232882

0.438121 0.200062
0.438437 0.232882

0.438281 0.207472
0.438129 0.218082

0.438207 0.203772
0.438132 0.218082

0.43821 0.203772
0.438136 0.218082

0.438136 0.200083
0.437907 0.20703

0.437907 0.189031
0.437834 0.203351

0.438143 0.200067
0.437761 0.199678

0.43861 0.222107
0.437765 0.199678

0.438613 0.222107
0.437615 0.192353

0.438231 0.203793
0.437313 0.177723

0.438618 0.222081
0.437471 0.185027

0.438851 0.233038
0.4374 0.18138

0.4387 0.225743
0.437481 0.185022

0.438473 0.214818
0.437714 0.195932

0.438324 0.207545
0.437871 0.203195

0.438327 0.207545
0.437799 0.199568

0.438102 0.196666
0.438106 0.214053

0.43803 0.193044
0.438034 0.210437

0.438034 0.193044
0.438038 0.210437

0.437736 0.1786
0.437966 0.206831

0.437966 0.189418
0.43782 0.19963

0.437669 0.175015
0.437749 0.196034

0.437824 0.182206
0.437603 0.188852

0.437753 0.178616
0.437607 0.188852

0.437757 0.178616
0.437313 0.174529

0.43806 0.192939
0.437393 0.178105

0.438063 0.192939
0.437472 0.181676

0.437993 0.189368
0.437625 0.188808

0.437996 0.189368
0.437778 0.195929

0.437926 0.185807
0.437708 0.192373

0.438004 0.189363
0.438081 0.210129

0.438229 0.200016
0.437937 0.203036

0.438085 0.192924
0.438235 0.217202

0.438309 0.203548
0.438532 0.231348

0.438312 0.203548
0.438388 0.224284

0.438388 0.207079
0.438026 0.20665

0.438318 0.203553
0.437956 0.203128

0.438394 0.207075
0.438033 0.206646

0.438397 0.207075
0.438036 0.206646

0.438255 0.20005
0.43833 0.220676

0.43833 0.203557
0.438333 0.220676

0.438261 0.200054
0.438192 0.21368

0.438192 0.196556
0.438339 0.220667

0.438123 0.193063
0.438486 0.227644

0.43827 0.20004
0.438417 0.22416

0.438201 0.196556
0.438348 0.220681

0.437774 0.17568
0.438423 0.224155

0.437993 0.186104
0.438283 0.217215

0.438426 0.206925
0.438357 0.220681

0.438571 0.213855
0.438004 0.203377

0.438503 0.210395
0.437936 0.19992

0.438363 0.203482
0.438224 0.213727

0.438295 0.200031
0.437943 0.199939

0.438369 0.203478
0.43823 0.213709

0.438301 0.200035
0.438092 0.206833

0.438375 0.203473
0.438236 0.2137

0.438236 0.196606
0.438028 0.203413

0.438099 0.189749
0.438243 0.213686

0.438172 0.193173
0.438035 0.203426

0.438105 0.189753
0.438249 0.213673

0.437828 0.176091
0.438042 0.20344

0.437902 0.179502
0.437976 0.200033

0.437836 0.176096
0.438118 0.206837

0.438258 0.196508
0.438191 0.210235

0.438261 0.196508
0.438194 0.210235

0.438403 0.203295
0.438267 0.213624

0.438336 0.199906
0.437924 0.196702

0.438408 0.20329
0.438342 0.216982

0.438342 0.19991
0.438414 0.220358

0.438759 0.220165
0.43821 0.210244

0.438761 0.220165
0.437938 0.196776

0.438488 0.206696
0.43801 0.200138

0.438422 0.203334
0.438219 0.210214

0.438493 0.206692
0.438359 0.216922

0.438632 0.2134
0.438225 0.210222

0.43843 0.203351
0.438433 0.220259

0.438705 0.216733
0.438503 0.2236

0.438776 0.220074
0.438642 0.230274

0.438574 0.210063
0.438644 0.230274

0.438441 0.203397
0.438714 0.233603

0.438443 0.203397
0.438514 0.22363

0.438649 0.213371
0.438381 0.216989

0.438449 0.20341
0.438451 0.220305

0.438586 0.210042
0.438454 0.220305

0.438319 0.196794
0.438523 0.223613

0.437852 0.17364
0.438727 0.233524

0.438057 0.183551
0.438528 0.223625

0.437993 0.180252
0.438598 0.226921

0.438197 0.190138
0.4386 0.226921

0.438333 0.19672
0.438336 0.213772

0.43827 0.193433
0.438472 0.220338

0.438206 0.19015
0.438342 0.21378

0.438342 0.196708
0.438278 0.210505

0.438013 0.180333
0.437884 0.19088

0.43795 0.177062
0.438152 0.203947

0.438152 0.186863
0.437957 0.194159

0.438023 0.180337
0.438158 0.203935

0.438224 0.190114
0.438358 0.2137

0.438227 0.190114
0.438098 0.200697

0.438295 0.193365
0.438036 0.19745

0.438167 0.186871
0.437712 0.181235

0.438105 0.183628
0.437651 0.177996

0.437847 0.170672
0.43785 0.187701

0.438111 0.183612
0.437919 0.190932

0.438049 0.180381
0.438117 0.200614

0.438052 0.180381
0.438314 0.210283

0.43825 0.190051
0.438058 0.197406

0.438188 0.186831
0.438126 0.200622

0.43832 0.193262
0.438129 0.200622

0.438323 0.193262
0.438132 0.200622

0.438261 0.190055
0.438006 0.194214

0.438264 0.190055
0.437689 0.178214

0.438266 0.190055
0.437436 0.165429

0.438333 0.193251
0.437504 0.168621

0.438208 0.186866
0.43738 0.162244

0.438339 0.193243
0.437576 0.171799

0.438278 0.190058
0.437452 0.165437

0.438471 0.199601
0.437393 0.16226

0.438219 0.186893
0.437651 0.174953

0.438349 0.193239
0.437464 0.165444

0.438479 0.199579
0.437342 0.159113

0.438291 0.190081
0.437599 0.171761

0.438294 0.190081
0.437666 0.174919

0.438423 0.196398
0.43748 0.165455

0.438488 0.199552
0.437547 0.168606

0.438553 0.202703
0.437865 0.184343

0.438493 0.199556
0.437806 0.181199

0.43837 0.193269
0.437746 0.178059

0.43856 0.202689
0.437875 0.184332

0.439 0.224642
0.437878 0.184332

0.439314 0.240305
0.437819 0.181203

0.439377 0.243434
0.437823 0.181203

0.439129 0.230933
0.437578 0.168716

0.438944 0.221568
0.437519 0.165598

0.438698 0.209096
0.437957 0.187399

0.438638 0.205981
0.43796 0.187399

0.438393 0.193538
0.437963 0.187399

0.438457 0.196645
0.438028 0.190503

0.438213 0.184231
0.437969 0.187403

0.438031 0.17493
0.438034 0.190499

0.437972 0.171834
0.437914 0.184313

0.437975 0.171834
0.437856 0.181224

0.43804 0.174923
0.437859 0.181224

0.438104 0.178009
0.437924 0.184306

0.438107 0.178009
0.437988 0.187385

0.437927 0.168773
0.437991 0.187385

0.43793 0.168773
0.438116 0.193529

0.438176 0.18106
0.438483 0.211939

0.4383 0.187197
0.438545 0.215004

0.438303 0.187197
0.438487 0.211943

0.438366 0.190258
0.438369 0.205827

0.438429 0.193316
0.438552 0.21499

0.438612 0.20248
0.438675 0.221092

0.438614 0.20248
0.438797 0.227188

0.438617 0.20248
0.438679 0.221099

0.438619 0.20248
0.438681 0.221099

0.43904 0.223766
0.438623 0.218062

0.438802 0.211616
0.438804 0.227164

0.438864 0.21465
0.439045 0.239286

0.438806 0.211619
0.439046 0.239286

0.438629 0.202538
0.43881 0.227191

0.438452 0.193466
0.438811 0.227191

0.438158 0.178363
0.438813 0.227191

0.43822 0.18138
0.438519 0.212122

0.437926 0.166311
0.43858 0.215132

0.437811 0.16029
0.438877 0.230168

0.437873 0.163298
0.438643 0.218153

0.437935 0.166301
0.438704 0.221153

0.438174 0.178304
0.438588 0.215159

0.438412 0.190293
0.438355 0.203183

0.438238 0.181311
0.438299 0.200192

0.437947 0.166357
0.438126 0.19123

0.437716 0.154408
0.438012 0.185262

0.437661 0.151424
0.438365 0.203147

0.437723 0.154405
0.438251 0.197192

0.437843 0.16036
0.438195 0.194217

0.438195 0.178206
0.437965 0.182333

0.438198 0.178206
0.43791 0.179365

0.438142 0.175238
0.438087 0.188259

0.438319 0.184132
0.438032 0.185297

0.438263 0.181171
0.438208 0.194172

0.438497 0.193004
0.438211 0.194172

0.438499 0.193004
0.43804 0.185317

0.438386 0.1871
0.437986 0.182368

0.438388 0.1871
0.438103 0.188259

0.438448 0.190046
0.438221 0.194144

0.438565 0.19593
0.438223 0.194144

0.438625 0.19887
0.438455 0.205888

0.438856 0.210614
0.438457 0.205888

0.438686 0.201815
0.438573 0.211748

0.438688 0.201815
0.438462 0.205894

0.438575 0.195962
0.438464 0.205894

0.438236 0.17842
0.438409 0.202974

0.438068 0.169659
0.438128 0.188387

0.438014 0.166741
0.437904 0.17673

0.438357 0.184227
0.438246 0.194197

0.43819 0.175493
0.438362 0.200013

0.438136 0.172585
0.438138 0.188393

0.43842 0.187111
0.438141 0.188393

0.438366 0.184209
0.438256 0.194191

0.438368 0.184209
0.43809 0.185503

0.438202 0.175521
0.438149 0.188396

0.438261 0.178414
0.438151 0.188396

0.438207 0.175524
0.438154 0.188396

0.438266 0.178411
0.437877 0.173977

0.438268 0.178411
0.437992 0.179739

0.438215 0.17553
0.438106 0.185494

0.438217 0.17553
0.437997 0.179745

0.43822 0.17553
0.438056 0.182617

0.438167 0.172658
0.43828 0.194092

0.438391 0.184133
0.438172 0.18836

0.438338 0.181268
0.438285 0.194086

0.43823 0.175542
0.438287 0.194086

0.438122 0.169822
0.43829 0.194086

0.438179 0.172679
0.438292 0.194086

0.438127 0.169825
0.438239 0.191235

0.438404 0.18408
0.438022 0.179842

0.438297 0.178384
0.438299 0.194068

0.438464 0.18692
0.438137 0.185541

0.43874 0.201132
0.43803 0.179862

0.438687 0.198292
0.438142 0.185536

0.438634 0.195456
0.43809 0.182702

0.438636 0.195456
0.438093 0.182702

0.438856 0.206779
0.438259 0.191186

0.438912 0.209606
0.438207 0.188361

0.438696 0.198306
0.43848 0.202471

0.438752 0.201129
0.438374 0.196833

0.438753 0.201129
0.438322 0.194016

0.438809 0.203945
0.438541 0.20527

0.438865 0.206759
0.438543 0.20527

0.43892 0.209569
0.438491 0.202463

0.43903 0.215185
0.438331 0.194047

0.438977 0.21238
0.438548 0.205256

0.438925 0.209578
0.438497 0.202457

0.438658 0.195581
0.438445 0.19966

0.438606 0.192784
0.438554 0.205248

0.438554 0.18999
0.438449 0.199666

0.438503 0.187199
0.438451 0.199666

0.438451 0.184411
0.438133 0.182953

0.438613 0.192767
0.438402 0.196867

0.438828 0.203898
0.438564 0.205206

0.438777 0.201118
0.438566 0.205206

0.438513 0.187232
0.438727 0.21353

0.438355 0.178909
0.438675 0.210758

0.438305 0.176137
0.438624 0.207989

0.438466 0.184444
0.438732 0.213521

0.438415 0.181678
0.438575 0.205231

0.438628 0.192732
0.438735 0.213513

0.438524 0.18721
0.438895 0.221787

0.438737 0.198242
0.438844 0.219032

0.438739 0.198242
0.438793 0.216279

0.438635 0.192737
0.438847 0.219029

0.438427 0.181738
0.438901 0.221776

0.438586 0.189979
0.43885 0.219032

0.438327 0.176257
0.438851 0.219032

0.438538 0.187224
0.438853 0.219032

0.438279 0.173528
0.438854 0.219032

0.438542 0.187211
0.438648 0.208097

0.4387 0.195412
0.438805 0.21629

0.438701 0.195412
0.438495 0.199919

0.438547 0.187227
0.438394 0.194467

0.438497 0.184501
0.438551 0.202637

0.438655 0.19267
0.438501 0.199916

0.438708 0.195391
0.438606 0.205352

0.4384 0.179083
0.438711 0.210783

0.438299 0.173652
0.438662 0.20807

0.43825 0.17094
0.438406 0.19452

0.438458 0.18178
0.438511 0.199935

0.438408 0.179073
0.438462 0.19723

0.438667 0.192597
0.438412 0.194527

0.438873 0.203407
0.438261 0.186428

0.438824 0.200707
0.438008 0.172942

0.438876 0.203404
0.43801 0.172942

0.43898 0.208793
0.438013 0.172942

0.439185 0.219561
0.43771 0.156806

0.439135 0.216872
0.437814 0.162179

0.438983 0.208811
0.437868 0.164864

0.439086 0.21418
0.43782 0.162182

0.438783 0.198089
0.437772 0.159503

0.438633 0.190051
0.437775 0.159503

0.438483 0.182021
0.437828 0.162177

0.438434 0.179347
0.438184 0.180879

0.438537 0.18469
0.438338 0.188886

0.43864 0.190029
0.438591 0.202219

0.43844 0.179362
0.438392 0.191563

0.438241 0.168705
0.438444 0.194224

0.438243 0.168705
0.438446 0.194224

0.438446 0.179342
0.438198 0.180941

0.438398 0.176685
0.43825 0.183595

0.4385 0.181994
