0.335384 0.398412 0.266014 0.000128453
0.410486 0.334503 0.254411 0.000565186 2.57384e-05 7.71349e-06
0.436462 0.23704 0.326267
0.422326 0.319583 0.257984 9.81448e-05 2.42828e-06 5.29364e-06
0.399901 0.259655 0.340441
0.426857 0.329869 0.242966
0.416532 0.333209 0.250255
0.339168 0.418302 0.242468 2.38761e-05
0.38752 0.346768 0.265614
0.409285 0.264043 0.326652
0.421086 0.332608 0.246254
0.409701 0.262661 0.326975 0.000444559 0.000185914
0.441046 0.324191 0.233885 0.000788687
0.402972 0.345271 0.251221
0.328746 0.437132 0.23318 0.000670654 0.000147742 1.2562e-05 0.00010636 4.57332e-06
0.357468 0.410227 0.232111 0.000121763 3.99588e-05 9.5743e-06 1.47628e-05
0.321085 0.440346 0.238534
0.333314 0.421442 0.242326 0.000980214 9.03352e-06 4.54959e-05 0.00125332 0.000318993 6.48127e-05 0.000121368 6.43952e-05 4.69573e-05
0.321481 0.399782 0.278524
0.364783 0.402248 0.232386 0.000511271 3.37207e-05 1.37228e-05
0.340584 0.412592 0.246558 0.000109039
0.337603 0.427154 0.232825 0.00150813 0.000817993 5.23516e-06 8.3124e-05
0.422778 0.315458 0.260626 0.000498247 0.000238348 0.000124843
0.410137 0.3249 0.263686 0.0003868 0.00081701 1.27939e-05 3.94772e-05 1.02558e-05
0.326262 0.432273 0.241008 0.000445447
0.426231 0.336682 0.23702 3.96802e-05
0.388949 0.329969 0.280806 0.000190748
0.404455 0.362268 0.233259
0.419094 0.258266 0.322517
0.265252 0.434136 0.300591
0.258733 0.344879 0.396387
0.349543 0.236221 0.414218
0.256927 0.332836 0.410191
0.325431 0.257355 0.416506 0.000503669
0.346857 0.430148 0.222992
0.352927 0.415434 0.23028 0.00103343 0.00032194
0.348208 0.410771 0.240945
0.363015 0.399172 0.235742 0.00081158 0.000420764 4.48539e-05 0.000545702
0.389537 0.35232 0.257954 0.000152358
0.396372 0.324646 0.278455 0.000415031
0.399944 0.255624 0.344285
0.416407 0.32094 0.262334 0.000144076 0.00012831 4.63502e-05
0.330673 0.42686 0.241093 0.000236071 0.000827648 9.89379e-05 0.000206297
0.413341 0.346379 0.239561 1.01571e-05 0.000375623 0.000287172
0.422365 0.338999 0.23826 0.000140021 0.000154085
0.328853 0.422817 0.248217 5.91894e-05
0.333388 0.424743 0.240475 0.00136312 2.61581e-05 2.5706e-07 2.71432e-06 1.60184e-06
0.416319 0.318989 0.26463
0.420717 0.257016 0.321479 0.000593656 6.13063e-05 4.97791e-05
0.434952 0.25313 0.311724 0.000153316
0.429094 0.241885 0.329018
0.250913 0.422705 0.32638
0.415097 0.264881 0.32002
0.413237 0.261221 0.32554
0.41296 0.330471 0.256569
0.432412 0.248881 0.318148 0.000401189 0.000117459
0.432974 0.32059 0.245778 0.000458933 0.000160817
0.330892 0.434553 0.233967 0.000144031 2.80703e-05 0.000261167 0.000113093 9.82727e-06 2.55992e-05
0.431926 0.302672 0.265226
0.408283 0.341273 0.250417
0.409255 0.318421 0.272323
0.342974 0.409158 0.247868
0.338978 0.429302 0.231302 0.000411792
0.397925 0.331955 0.269983 0.000129816
0.324422 0.422341 0.253223
0.445635 0.321202 0.233104 4.51693e-05 1.34054e-05
0.440542 0.318512 0.240879
0.435766 0.313709 0.250352
0.439164 0.243682 0.317061
0.416688 0.332514 0.250602
0.417504 0.318704 0.262412 0.000929924
0.327732 0.416817 0.255163
0.407631 0.332893 0.25933
0.335822 0.420359 0.243757
0.335159 0.431522 0.232049 0.00125359
0.429823 0.324413 0.245707
0.310925 0.44741 0.24162
0.337758 0.417784 0.244424
0.413961 0.326099 0.259937
0.422037 0.351524 0.226333
0.404637 0.336285 0.259077
0.348791 0.397672 0.252871 0.000539015
0.43327 0.319581 0.246705 0.000347515
0.409101 0.332454 0.257907 0.000521326
0.426985 0.305165 0.267579
0.410557 0.325514 0.263696 7.50176e-07 0.000159975 5.12681e-05 1.92183e-05
0.414996 0.242827 0.341836 0.000141695 3.74414e-05 1.74523e-06 1.55586e-05 5.74506e-05
0.434381 0.23283 0.332745
0.245823 0.434055 0.319932 0.000146503 6.90533e-07 1.81169e-06 2.3654e-05 1.73398e-05
0.412373 0.252602 0.33486
0.394707 0.244544 0.360225 0.000161147 0.000231272 2.24388e-05 6.56293e-05
0.415326 0.331913 0.252516 0.000199515
0.324512 0.427581 0.247757 3.4755e-06 2.50993e-05 8.87689e-05
0.380646 0.375654 0.242687 0.000309557 3.68586e-05 0.00057208
0.420898 0.335932 0.243095
0.415391 0.336817 0.247792
0.326728 0.412993 0.260211
0.319456 0.432267 0.247175 0.000744058
0.422559 0.327981 0.24841 0.00085247
0.404922 0.272488 0.32179 0.000614003
