1000
5
Variable1
Variable2
Variable3
Variable4
Variable5
2
FixedEffects1
FixedEffects2
3 3 3 3 3
1 0 0 0 0 2 -0.4125182 -1.368969
0 0 0 0 0 0 -1.638597 -0.8336707
1 0 0 0 0 1 -1.314365 -0.8892503
1 0 0 0 1 0 -0.7447793 -0.1851847
1 0 0 2 0 0 0.008464125 -1.294919
1 0 0 0 0 0 -0.5279095 0.3487125
1 0 0 2 0 0 -1.941702 0.5124809
1 1 2 0 0 0 -0.1935139 -0.7769789
1 2 0 0 0 0 -2.13251 1.339954
1 0 0 0 0 0 0.4559106 1.216211
1 0 0 0 0 0 -0.4243761 0.07228324
1 0 0 2 0 0 -0.5746153 0.1057298
1 0 0 2 0 0 0.4000734 -0.6237906
1 0 2 0 0 0 -2.025712 0.5711202
1 0 1 0 0 0 -0.6096403 1.758263
1 2 0 0 0 0 -0.08238268 0.9648519
1 2 1 0 1 0 1.382469 0.2014262
0 0 0 0 0 0 0.1295246 0.109559
0 0 0 0 0 2 0.8478417 0.7192587
1 0 0 0 0 0 0.1466998 -2.045258
1 0 0 0 0 0 -0.5881494 -2.280146
0 0 0 0 0 2 0.7679749 0.3468281
1 0 1 0 0 0 -0.037485 -0.8716564
1 1 0 0 1 0 -0.3001274 0.8677271
0 0 0 0 0 0 -0.2048163 0.4222025
1 0 0 0 0 0 -0.4273925 -1.01959
1 0 0 0 0 0 -0.5731457 -1.732659
1 0 0 2 0 0 0.0195562 0.6186511
0 2 2 0 0 0 -0.680024 0.4543513
1 0 0 0 0 0 0.1217957 0.08014883
1 0 0 0 0 2 -0.7580353 -0.2970039
1 0 0 0 0 0 -0.7746227 -1.657124
1 1 0 0 0 0 -1.128553 -0.6405719
1 0 0 0 0 0 -1.220263 -0.8364335
1 0 0 0 0 0 0.6176123 0.1314571
1 0 0 0 0 0 -0.9275317 -1.154737
1 2 0 0 0 0 1.491843 -0.5344099
1 0 0 0 0 0 -1.259847 -1.69142
0 0 1 0 0 0 1.047468 1.403896
1 0 0 2 2 0 1.812134 -0.0007963677
1 0 0 0 0 0 0.9239837 2.013509
1 0 0 0 1 0 0.3196063 -0.4867016
1 0 2 0 0 0 1.119344 -0.6374262
1 0 1 0 0 0 1.614962 -0.2980605
1 2 0 0 0 2 0.8230167 -0.9157423
1 0 2 2 0 0 -1.536311 0.007430677
1 0 0 0 0 0 0.950692 0.4409608
1 0 0 0 2 0 0.3014659 -0.6046198
1 1 0 0 0 0 -0.8008052 0.6601444
1 0 0 0 0 1 0.04421798 0.4605674
1 0 1 0 0 2 -1.045712 0.7336433
1 0 0 0 1 0 -0.1034421 0.1160003
1 0 0 1 0 0 0.2781537 -0.9545048
1 0 0 1 0 0 -0.05083332 1.171216
1 0 0 0 0 1 -1.531327 0.9612638
1 2 0 0 0 0 1.13277 0.4278714
1 0 0 0 0 0 0.662849 -1.238702
1 0 1 0 0 0 -0.6302842 -1.487259
1 0 0 0 0 0 1.91514 0.8206922
1 0 1 0 0 0 0.1364704 -0.7075505
1 0 2 0 0 0 1.086378 -2.025284
1 0 0 1 0 0 0.1254268 0.9615171
1 0 0 0 0 0 -0.3924689 1.757861
1 0 2 0 0 1 -0.5718676 -0.694639
1 0 0 0 0 0 2.055625 -1.611412
1 0 0 0 0 0 -0.6494384 0.1316092
1 0 0 1 0 0 -0.780964 0.2847013
1 0 0 0 0 0 -0.8489202 0.01162243
1 0 2 2 2 2 1.469372 -0.09811695
1 0 0 0 1 2 -1.090369 -0.1788948
1 0 0 0 0 0 0.277205 0.0202998
1 1 0 0 0 0 -0.7725486 -0.891922
1 0 0 0 0 2 -0.5732339 -0.8968743
1 0 0 0 0 0 -0.7249171 -0.2902888
1 0 2 1 0 0 1.588876 -1.733374
0 0 0 0 1 2 -3.344154 -0.07177749
1 0 0 0 0 0 0.3049189 -0.3192787
1 0 0 2 0 0 1.088669 0.9870389
1 1 0 0 0 0 0.2532537 -1.313224
1 0 1 1 0 0 0.4319578 0.6003944
1 0 0 0 0 1 -0.6355139 0.1228008
1 0 0 0 2 0 0.4344825 -2.019327
1 0 2 0 2 0 0.2637746 -0.09183494
1 1 0 0 0 0 0.3654521 0.6889656
1 0 0 0 1 1 -0.1207945 0.4514678
1 0 0 2 1 2 0.4118934 -2.959406
1 0 0 0 0 0 -0.187628 -0.3052524
1 0 0 2 0 0 0.8600006 -0.07794801
1 0 1 0 0 0 1.100109 -0.950448
1 2 0 2 0 0 0.9062348 0.2229939
1 0 1 1 1 0 -0.6537914 0.3268546
1 0 0 0 2 0 -0.9226419 -0.8597163
1 0 0 0 0 0 0.3471695 0.7579305
1 2 0 0 0 0 1.462334 0.06276372
1 0 2 0 0 1 -0.392454 -1.002709
1 2 0 1 0 2 1.05005 0.4624705
0 1 0 0 0 0 -0.0338694 0.4672069
1 0 0 0 0 0 -0.4805577 -1.19935
1 0 0 0 1 0 -0.6815157 0.1585826
1 0 0 0 0 0 -1.94837 1.62402
1 0 1 2 0 0 -0.4560761 -0.4140244
1 0 0 0 0 0 0.6684324 0.1767965
1 0 0 0 2 0 0.446171 -0.5847051
1 0 0 1 0 0 0.5430041 0.5918146
1 0 0 0 0 0 -0.1371637 -1.066204
1 2 0 2 0 0 0.9608266 0.1158299
1 1 0 0 0 0 1.284985 -0.3326485
0 0 0 0 2 1 -0.5466713 -0.3556019
1 0 0 0 0 0 -0.007213858 0.9987972
1 0 0 0 0 0 -0.2671178 0.3280469
0 1 1 0 1 1 0.7553725 -0.9595501
1 0 2 0 0 1 0.06346007 1.160924
1 0 0 0 0 0 -0.5534536 -0.3935732
1 0 0 2 0 0 1.669498 -0.7274832
1 0 0 0 2 1 0.5982323 0.972854
1 0 0 0 0 0 0.8522359 0.1886532
1 1 2 0 0 0 -0.7466159 0.7436279
1 0 2 0 0 0 -0.3293647 -0.6762609
1 0 0 0 0 2 0.9521681 0.4500576
1 0 0 0 2 0 0.8445179 0.4149844
1 0 1 0 0 2 -1.08528 0.1410885
1 0 0 1 0 0 0.4681053 -0.131098
1 0 0 0 0 0 -0.5756748 -1.018357
1 0 0 0 0 0 -0.09468249 -0.3233343
1 0 0 0 0 0 1.577164 1.321232
1 0 0 0 0 2 -0.4520505 0.496164
1 0 0 1 0 0 1.807133 -1.683879
1 0 0 0 1 0 0.617554 -0.818328
1 0 0 0 0 0 -0.0867406 0.2507249
1 0 2 0 0 0 -0.01227465 -0.0625569
1 0 0 0 1 0 -0.3434052 0.7001035
1 0 0 0 0 2 -0.3636437 0.7796561
1 0 0 0 0 1 0.8768414 0.2530367
1 0 0 0 0 0 1.093319 -1.440382
0 0 0 0 2 0 -0.573034 0.7340144
1 0 0 0 0 0 0.4623507 2.608796
1 0 2 0 0 0 0.9356611 -0.8010695
1 2 0 0 2 0 0.06187347 0.001925726
1 0 0 0 1 0 -1.081191 -0.5524479
1 0 0 0 0 1 -0.7151782 -0.1257267
1 0 0 0 0 0 -0.7772063 0.1547151
1 0 0 0 0 0 -1.151555 -0.2247921
1 0 0 0 2 0 0.01988133 0.5642118
1 0 0 0 0 0 1.248035 1.90015
1 0 0 0 1 0 0.3755181 -0.3995767
1 0 0 0 0 0 0.1788361 1.831545
1 0 0 0 1 2 0.2740296 -0.3226088
1 0 0 0 1 0 -1.518727 -0.2378983
1 0 0 0 0 1 1.105678 0.1054342
1 0 0 0 0 0 -0.05053346 0.6524563
1 0 0 0 1 1 -1.142602 -0.9605694
1 0 0 2 0 0 2.152888 1.930676
1 0 0 0 0 0 -0.7741117 1.018134
0 0 0 1 0 1 0.3231202 1.242456
1 0 0 0 0 1 -0.3781866 -0.2979716
1 1 0 0 0 0 0.1897821 0.2039332
1 0 0 0 0 0 -0.8813005 -0.8036749
0 0 0 0 0 0 -0.9043378 0.8110239
1 0 0 0 0 0 2.655485 -0.7211873
1 0 0 2 1 0 -1.460679 1.184347
1 2 0 0 0 0 0.6863417 -1.044742
1 0 0 0 1 0 0.793999 0.03605571
1 0 0 2 2 0 -0.7513016 2.147147
1 0 0 0 0 2 0.2468797 -0.1319747
1 2 0 0 0 0 1.819971 -0.1946592
0 0 0 1 0 0 -0.1652941 1.914821
1 0 0 0 0 0 2.385502 -0.3322474
1 0 0 0 0 0 0.2139952 0.6346716
1 1 1 0 2 1 -0.7376371 0.002099726
1 0 0 0 0 0 -0.7951306 2.512971
1 0 0 1 2 2 1.263488 -1.108186
1 0 2 0 0 0 -0.4162216 1.561662
1 0 0 0 0 0 1.489127 0.2811307
1 0 0 0 1 0 -0.2444485 1.103579
0 2 0 0 0 0 0.2780203 0.5841375
0 0 0 0 0 0 1.18839 0.7027161
1 0 1 0 0 0 2.18394 0.9778186
1 0 0 0 0 1 -0.5554672 -0.8111614
1 0 1 0 1 0 -0.2919446 1.686689
1 0 0 0 1 2 -0.477645 -0.7832339
1 0 0 0 1 0 -1.738809 0.9265587
1 2 0 2 0 0 0.5563946 -1.132243
1 0 0 0 0 0 1.159035 -1.113264
1 0 0 1 2 0 0.5174178 0.2872801
0 1 0 0 2 0 -0.7808742 0.06582788
1 2 0 0 1 0 -1.996823 -1.367413
0 0 0 0 2 0 -0.1451914 1.777701
1 1 0 0 0 0 -1.262794 -0.1169895
1 0 2 0 0 0 0.9789998 0.5461604
1 0 0 0 0 0 -1.703772 -0.2042088
1 2 0 0 0 0 1.392004 -0.1618438
0 1 0 0 2 0 -0.04037487 -1.665341
1 0 0 0 0 0 0.2285094 1.355611
1 0 2 0 0 1 1.855889 0.446021
1 0 0 0 2 0 0.2727496 0.9207209
1 0 0 0 0 0 -1.744368 0.04596019
1 0 0 0 1 1 -0.3987713 0.5029327
1 0 0 0 0 0 0.329424 -0.08622405
1 0 0 0 0 0 1.103493 -0.4735471
1 0 1 0 0 0 -2.047382 -0.1421054
1 0 0 1 1 2 -1.773999 -1.587834
0 0 0 1 1 2 0.5557573 -0.7071794
1 0 1 1 1 2 -1.014226 1.300056
1 0 0 2 2 2 -0.8415765 0.1772359
0 0 0 1 1 1 -0.8279418 1.427318
1 0 0 1 1 1 -0.7841118 0.753954
0 2 0 1 1 2 -0.6755875 -0.370904
1 0 0 1 1 2 -0.138948 -1.748619
1 0 0 1 1 0 -1.083479 -0.2816913
0 0 0 2 1 2 -0.4127441 0.4091762
1 2 0 1 1 2 -1.195198 -0.3511496
0 0 0 1 2 2 -1.07037 2.693829
0 0 0 1 1 2 1.162711 0.2141235
1 0 0 1 1 1 0.08786732 1.282173
0 0 0 1 1 2 0.9692434 0.02973804
1 0 0 1 1 2 -0.1442238 -0.4818623
1 0 0 1 1 2 -0.3030184 -0.4411974
1 0 0 0 1 2 -0.5452294 1.777511
1 0 0 2 0 1 1.857947 -0.1563633
1 2 0 1 1 2 -0.4194714 -0.2792106
0 0 0 0 1 0 -0.09058976 0.3511051
0 0 0 1 1 2 0.1173598 0.3597722
1 0 0 1 1 0 0.08052678 -0.7882623
0 0 0 1 0 2 1.517025 0.04267593
1 0 0 1 1 2 0.3547811 0.2294425
1 0 0 1 1 1 -1.300245 -1.035089
1 0 0 1 1 2 -0.9472551 1.388042
0 0 0 1 1 2 0.2663589 -2.254442
1 0 0 1 1 2 -0.2489379 -0.7991712
1 0 0 1 1 2 -0.9491606 -0.4759006
1 1 0 1 1 2 0.7232737 0.6143363
1 1 2 1 1 2 1.155224 -0.5513926
1 2 1 2 2 2 -0.08975221 1.001804
1 0 0 1 1 2 0.3178878 0.6811128
1 0 0 1 2 2 1.829632 -0.2563091
1 0 0 0 1 2 0.2476877 1.922146
1 0 2 0 1 2 -0.1602212 0.492419
1 2 0 2 1 2 0.5971844 1.026481
1 0 2 1 0 2 1.063475 0.08959707
1 0 1 1 1 2 -1.051883 0.3066869
0 0 0 0 1 1 -1.089973 -0.5587415
0 0 0 1 1 2 -0.5866031 -0.7377822
1 0 0 0 1 2 -0.1629738 0.386017
0 1 0 1 1 2 -2.001561 -1.081004
1 0 0 1 1 2 -1.236639 -0.5790668
1 0 0 0 1 2 1.625565 -0.1399677
1 0 0 1 1 2 -2.293231 -0.2878274
0 0 0 1 1 0 0.2572774 -0.2646508
0 0 0 1 1 2 0.8961292 1.613662
1 0 0 1 2 2 0.5388007 -0.03574599
1 1 0 2 1 2 -0.3824439 0.4552614
1 1 0 1 1 2 -0.6915334 2.32522
1 0 0 1 1 2 -1.945378 -0.656498
0 0 0 1 1 2 -0.3233296 0.3612853
0 0 0 1 1 1 -0.9505616 0.6079799
1 0 1 1 2 2 0.07296316 -0.2390969
1 0 0 1 1 2 1.397887 0.161419
0 0 0 1 1 0 -0.7841495 1.824805
1 0 0 1 2 0 -0.7713867 -0.6694715
0 0 0 1 1 1 1.160323 -0.4345695
0 0 0 0 1 2 1.215487 -1.356854
0 0 0 1 1 2 0.1111269 1.636613
0 2 0 1 1 2 -0.3509248 -1.798143
1 0 0 1 1 2 1.977761 0.2069339
1 0 0 0 1 2 -0.1967476 -1.491555
0 0 0 0 1 0 -0.3972224 0.741846
1 0 0 1 1 2 -0.5926509 -0.8954851
1 0 0 1 1 1 0.5860274 -0.9269495
1 2 2 1 0 2 -0.4136003 -0.6507175
1 0 0 1 1 2 1.340388 -0.1810445
0 0 1 1 0 2 -1.187953 -1.503462
1 0 2 1 1 2 0.4404482 0.2659605
1 0 0 1 1 2 1.4804 1.148693
1 0 2 1 1 0 -0.06594915 -0.9161627
1 0 1 1 2 2 0.2817749 0.4827356
1 0 0 1 1 2 0.5785003 -0.1703158
1 0 0 1 1 2 -0.183209 0.6411157
1 2 0 1 1 1 1.403443 -0.6264725
1 0 0 1 1 2 0.1963657 -0.5600205
1 0 0 1 1 0 -0.3884016 -1.283664
0 0 1 1 1 2 0.4211677 -0.2301729
0 0 0 0 1 2 -1.205088 -0.3720822
1 0 1 1 1 0 0.923738 1.260922
0 0 0 1 1 2 -0.1737423 0.316209
1 0 1 1 1 2 0.451279 0.1295405
1 0 0 1 0 2 0.8666891 0.5488949
1 0 0 1 1 2 -1.328628 -1.778089
1 0 0 0 1 1 0.2253389 -0.5157591
1 0 2 1 1 2 -0.4744234 -0.2673
0 0 0 1 1 1 -1.022412 0.7677255
1 0 0 1 1 2 1.563013 2.163836
0 0 1 1 1 2 -0.5138201 1.794626
0 0 0 2 2 2 0.2475683 1.568052
1 0 1 1 0 2 1.174445 -0.9689157
1 0 0 1 0 2 -0.6337135 0.2234225
1 0 0 1 1 2 0.3592096 0.7762508
1 1 0 1 0 1 -0.3970289 0.004605349
1 0 0 2 1 0 -1.024007 -0.451195
1 0 2 0 1 2 0.4615144 0.6055097
1 0 0 1 1 2 -0.9585195 -1.873842
1 0 2 2 1 2 -0.5678313 0.5249211
1 1 0 1 1 2 -0.5653459 -0.6988739
1 2 0 1 1 2 0.4827626 -1.420446
1 0 0 1 2 2 1.148296 0.391725
1 0 0 1 0 2 0.02514976 -0.1719588
1 0 0 1 2 0 -1.361288 -0.1223107
1 0 0 1 1 2 -0.4222335 1.285379
1 0 0 1 1 0 0.9318899 -0.6645463
1 1 0 1 1 2 1.154247 -0.7585148
1 1 2 1 1 2 0.2427257 -0.6512576
0 0 0 1 1 2 0.7609021 -1.616511
1 0 0 2 1 2 0.09232314 -2.952528
0 0 0 1 1 2 0.1001131 0.16639
1 0 0 0 2 1 0.3974732 -1.637902
1 0 0 2 1 0 0.9858668 -0.5147587
1 2 0 1 1 2 0.3990096 -0.7238927
0 2 0 1 1 0 -0.1612083 -1.47658
1 2 0 1 1 2 -1.860258 -3.325202
0 0 0 0 1 2 -0.8906755 0.1619482
0 1 0 0 1 2 -0.4564522 1.880994
0 1 1 1 1 2 -0.5578466 0.2630349
1 0 0 0 1 2 0.5369971 -0.7351048
1 0 0 1 1 2 1.638047 -0.3531111
1 0 0 1 1 2 -1.939341 -2.547431
1 1 0 1 1 2 -0.7888979 -0.2175967
1 0 2 1 1 2 -0.7226466 -0.06702043
1 1 0 1 1 0 0.6900116 1.000429
1 0 0 1 1 1 0.2857641 1.629864
0 0 2 1 1 2 -1.468836 0.4797634
1 0 1 0 1 2 0.1434398 0.5746882
0 0 0 0 1 2 -1.086723 -0.7103875
1 0 0 2 0 2 -0.8389755 -0.1243582
1 0 0 1 2 2 -1.292182 0.09238719
1 0 0 1 2 2 -0.106384 -0.933783
0 0 0 1 1 2 0.186629 1.34707
1 2 1 1 1 0 -0.5591099 0.09532466
1 0 0 1 1 2 -1.465264 0.6084997
1 0 0 1 1 1 -1.507861 1.188846
1 0 0 1 2 2 1.048139 0.03826179
0 0 0 1 1 2 -0.1931105 0.8413434
1 2 2 1 2 0 -1.012245 0.2437466
0 0 0 1 2 2 -1.571873 -1.113471
0 0 0 1 1 1 -0.1387012 0.002404815
0 0 0 1 0 1 1.054701 1.468979
1 1 0 1 1 2 0.3893403 0.4345088
1 0 0 1 1 2 -0.2456524 -1.422199
1 0 0 1 2 2 1.201735 0.9571675
1 0 1 0 2 2 0.6488491 -0.2830134
0 0 0 1 1 2 0.9518494 0.7914173
1 1 0 1 1 2 -0.8711599 1.046351
1 0 0 1 1 2 0.8537356 -1.871882
1 0 2 1 1 0 -0.9518498 -0.8928227
0 0 0 1 1 2 -0.06322717 1.803053
1 0 2 1 1 2 -1.075831 -0.7095141
1 0 0 1 1 2 -1.372807 0.3353751
0 0 0 2 1 2 -1.988151 1.168824
0 2 1 1 1 2 -0.2285318 1.493849
1 0 0 0 1 2 1.095918 -0.4174977
1 0 0 1 0 2 0.3064085 -0.4463309
1 0 0 1 1 2 -0.6456873 0.1707967
0 2 0 1 1 2 -0.08017887 1.249982
0 0 0 1 1 2 -0.6090132 -1.018153
1 0 2 1 1 2 0.3190131 -0.1631629
1 0 0 1 1 0 -0.2160168 -1.166203
1 0 0 1 1 2 -0.6874853 -1.921601
1 0 0 1 2 1 -0.2098622 0.03574143
1 0 0 1 1 2 1.082207 1.298401
1 0 0 1 2 2 -0.2599755 0.08323481
0 0 1 2 1 2 0.2028376 0.9495601
1 0 1 2 0 2 -0.2474449 -0.9694448
1 0 0 1 0 2 -0.8067881 -0.19757
0 1 0 1 1 2 0.3676762 1.845608
1 0 0 1 1 2 0.2626624 -1.362821
1 0 0 2 1 2 -0.3534349 -0.5695648
1 0 0 1 1 2 -0.819892 -0.3449428
1 0 0 0 1 2 -0.989728 0.837343
0 0 0 1 1 2 -1.022949 1.452033
1 1 0 0 1 0 0.5463 -1.975554
1 1 1 1 1 2 -0.2849569 0.6250313
1 0 0 1 1 2 1.001206 0.4651636
1 0 1 1 2 0 -0.4647102 -1.384726
1 0 2 2 1 2 0.1267541 1.297899
1 0 0 1 1 2 0.1371396 -1.796249
1 0 1 2 1 2 0.5117726 0.7067038
0 0 0 1 1 2 1.342638 0.3024643
0 0 0 1 1 2 -0.08982423 -1.090954
1 2 1 1 1 2 0.7637299 -0.2820126
1 0 0 2 1 2 -1.867341 0.1599868
1 1 0 1 1 2 0.4197869 -0.7361333
1 0 0 1 1 0 0.08894665 0.1511452
0 0 0 2 1 0 -0.3112541 1.370954
0 0 0 1 1 2 1.055699 0.8339869
0 0 0 1 1 1 -0.2559204 2.199509
0 0 2 1 1 2 0.6174628 1.021732
1 0 0 1 1 2 0.558465 -0.5692801
0 0 0 1 1 2 0.8074639 0.1261761
0 0 0 1 1 2 0.8389044 -1.836919
1 0 0 1 1 2 -0.9839143 -0.7071387
1 0 0 2 1 2 0.9132746 0.2509984
1 0 2 1 1 0 -0.1645147 -1.331338
1 1 1 2 1 1 0.6704588 0.2787953
1 1 1 0 1 1 -0.8561763 -0.9364592
0 1 1 2 1 1 1.074896 -0.2116907
0 1 2 1 1 1 0.6141259 -0.5441589
1 2 1 1 1 1 -0.3400741 -1.251906
0 1 0 1 1 1 -1.435745 -0.5101706
1 1 2 1 0 1 -1.249272 -0.4704669
0 0 1 1 1 1 -0.1547475 -0.9526189
0 1 2 1 1 1 1.592441 1.388681
0 1 1 1 1 0 0.3101967 0.4123972
1 2 1 1 1 1 0.1265812 -0.5708007
0 1 1 1 0 1 1.172986 1.459148
1 1 1 1 1 1 0.692417 -1.287549
0 1 1 1 2 1 -0.05649227 -1.515804
1 1 1 1 1 1 -1.955008 -0.3882419
1 1 1 1 1 2 0.2905272 -0.9342756
1 0 1 1 1 0 0.725863 0.9386751
0 1 1 1 1 1 -0.04127186 -0.6390087
0 1 2 1 2 2 -0.1259315 1.60642
0 2 1 1 1 1 0.2699139 -0.5726918
1 1 1 1 1 1 -0.5801734 -0.3657977
1 1 1 0 1 0 0.7584741 -2.304335
0 1 1 1 2 1 -1.747035 1.361294
0 1 1 1 2 1 1.237274 -0.5332106
1 1 1 2 0 1 0.4315284 0.2581009
1 1 1 1 1 1 0.9751363 0.3676096
1 1 1 1 1 1 -0.288854 1.356524
0 0 1 1 1 0 0.792755 1.306729
0 1 1 1 0 1 0.8511566 -0.03169076
0 1 1 1 1 0 -0.3430231 0.4275244
1 1 1 1 1 1 -2.164368 0.714391
1 1 1 1 1 1 -0.3990264 -0.7904035
1 1 1 1 1 2 0.1679623 0.6262008
1 1 1 1 1 1 1.561392 -0.4268721
1 0 2 1 1 1 1.011814 -0.1655131
0 0 1 1 0 1 1.639703 0.2005937
0 2 0 1 1 1 -0.05651602 1.157888
1 1 0 1 1 1 0.1432134 -0.005647309
0 1 1 1 1 1 -0.4200437 -0.1147104
1 1 0 1 0 0 -0.4858367 -1.644802
1 1 1 2 1 0 0.4345072 0.530156
0 1 2 1 1 2 -0.03702639 -0.7540234
1 1 1 1 1 1 -1.720323 1.129295
0 1 1 1 1 1 1.138507 1.177563
1 2 1 1 1 1 -0.8378304 0.7237485
1 1 1 1 1 1 2.191119 -0.6219558
1 1 1 1 1 0 -0.5387872 1.895604
0 1 1 1 2 1 -2.390265 -0.4169827
1 1 1 0 1 0 -1.262088 -0.922891
1 1 1 0 0 1 0.5331483 0.9085506
0 2 1 1 2 0 -0.2122979 1.40316
0 1 1 0 1 1 0.9549888 -0.7597725
1 1 1 1 1 1 0.02530188 -0.872641
0 1 1 1 1 1 -0.5582433 -0.4443809
1 1 2 1 1 1 0.3276353 1.227449
0 1 1 1 1 1 -0.7040478 -0.7751661
1 2 1 0 1 1 2.493863 -0.4451685
0 1 1 1 1 2 2.312953 0.8557588
0 1 1 1 1 1 -0.6404816 0.9595751
1 1 1 1 1 1 -0.2135835 -1.83855
0 1 1 1 1 1 0.2607682 1.066212
0 1 1 1 1 0 0.04955471 0.05943498
1 2 1 1 1 2 1.169522 -1.481085
1 2 1 1 1 1 -0.1820791 -0.4797996
0 2 0 1 0 0 0.003156781 0.9503399
1 1 1 1 1 1 -0.1690295 1.015239
1 1 1 1 1 1 1.522107 0.3418395
1 1 1 2 1 1 -0.3656982 -0.349321
0 0 1 1 1 1 -0.9656114 1.829488
1 1 1 1 0 1 -0.2123762 0.1248522
1 1 1 1 1 1 0.1487119 -1.745635
0 2 1 1 1 1 0.1634339 -1.372011
1 1 1 1 1 1 -0.585064 -0.7921449
0 1 1 1 1 1 1.111656 -0.9720825
1 2 1 1 1 0 0.3596152 -1.637762
0 1 1 1 1 1 -0.2347501 -0.02028395
1 0 1 1 1 0 -1.157898 -0.03595959
1 1 1 1 1 2 -0.197878 -1.120792
0 2 2 1 1 1 0.4724504 0.1492714
0 1 2 1 1 0 0.747284 0.2389921
1 1 1 2 1 1 -2.058695 1.268665
0 1 1 1 1 1 0.8265922 -0.171376
0 1 1 0 1 1 -0.6123792 0.1763298
0 1 1 1 1 1 -0.2524604 0.3479656
1 2 1 1 0 1 0.3872345 -0.6318998
0 1 2 1 1 2 0.9934312 1.957845
1 1 0 0 1 1 -0.4125683 -2.09644
1 1 1 1 2 1 -0.3090937 -0.1238399
0 2 2 1 1 1 -0.8488491 0.4239593
0 1 1 2 1 1 -2.978787 0.5248392
1 1 1 2 2 1 0.09865158 -0.02963003
0 1 1 1 1 1 -0.4726625 0.9950958
0 1 1 1 1 1 0.06721732 0.3413699
0 1 1 1 1 1 -0.1661731 0.4975402
0 2 1 1 1 1 0.6543338 0.2577928
1 1 2 1 1 1 -0.9759989 -0.866117
1 1 1 1 2 1 -2.292598 -0.4027289
0 1 1 1 1 1 -0.8752999 2.440932
1 1 1 1 1 1 0.6799051 -0.585583
0 1 1 1 1 1 -1.295221 0.8920545
1 1 1 1 1 1 2.01389 -0.5950973
1 2 1 2 1 1 -0.8185635 0.0789406
1 1 2 1 1 1 0.4739725 -1.014112
1 1 1 0 1 1 0.8893889 0.07907405
0 1 1 1 1 0 0.5877006 0.2113195
0 1 2 1 2 1 -0.970416 -1.149867
1 1 1 1 1 1 -0.5390028 -1.021243
1 1 1 1 0 1 0.226863 0.8055404
1 1 1 1 1 1 -1.229752 -1.952674
1 1 1 1 1 1 0.15395 -0.5501466
0 1 1 1 1 1 -0.7978675 1.120802
1 1 1 1 0 1 -1.258011 -1.022387
0 1 1 1 1 1 -0.5509382 0.6138782
0 0 0 1 1 1 0.7604799 0.5229644
1 1 2 1 1 2 -1.238959 1.937675
0 1 1 1 1 1 1.034836 0.9473434
0 1 1 1 1 1 -0.5732499 1.231599
0 2 1 1 0 1 0.4351237 0.718869
1 1 1 1 1 1 0.474129 -0.3350143
0 1 1 2 1 1 0.4424283 -1.277378
1 1 1 1 1 1 0.8345742 0.4466158
1 1 2 1 1 0 -0.07479903 -0.8397127
1 1 1 1 1 1 2.016092 -0.6943437
0 1 1 1 0 1 -1.083656 0.5017878
1 1 1 1 1 1 1.237537 1.621991
0 1 1 1 1 1 -2.189204 -1.601351
0 1 1 1 1 1 1.134886 1.215631
0 1 0 1 1 1 1.225207 0.9743257
1 1 0 1 0 1 -0.2139438 -1.432983
1 1 1 0 1 1 -1.691652 -0.8172243
1 1 1 1 1 1 -1.183662 0.4200724
1 2 1 1 1 1 1.619276 1.466668
0 1 1 1 1 0 1.211571 0.6186223
0 2 2 0 1 2 0.09712369 -0.8113968
1 1 1 1 0 2 0.2477842 0.2694001
0 1 1 1 1 1 0.8142021 -0.1398416
0 1 1 1 1 1 0.6599706 0.004222466
1 1 2 1 1 2 1.31986 -0.2889835
0 1 1 1 0 2 -1.130765 0.03766678
1 1 1 1 1 1 0.1056504 0.5221772
1 1 1 2 1 1 0.9600708 -0.8952604
1 1 1 1 1 1 -0.8582282 -0.571814
1 1 1 1 1 1 0.3240352 0.03467205
0 1 1 2 1 1 1.750491 -0.8074175
0 1 1 1 1 1 0.6745265 -0.9199164
0 2 1 1 0 1 1.498048 -0.4237064
0 1 1 1 1 1 -0.773532 0.7474974
1 1 1 2 1 1 0.7141845 -0.6869474
0 1 1 1 1 1 -0.8360943 -1.598246
1 1 2 1 1 1 0.711549 -1.91941
1 1 0 1 1 1 -0.4768654 -0.0100287
1 1 1 1 1 1 -0.5780984 -0.08704266
0 1 2 0 1 2 -1.87328 -1.111726
1 2 1 1 1 1 1.178656 0.3278265
1 1 1 1 2 1 0.2933192 -2.43072
1 1 1 0 1 1 1.131642 -0.5118664
0 1 1 2 1 1 0.6156626 0.8412507
0 1 1 1 1 1 0.2598105 -1.009564
0 1 1 1 0 1 1.334523 -0.4716707
0 1 1 1 1 1 0.2960705 -0.1457323
1 1 1 1 1 1 0.5969848 1.636391
0 1 2 1 1 1 1.787926 0.2561302
0 1 1 1 1 1 0.7061386 0.08232074
1 1 1 2 1 1 0.05447531 -1.532933
1 1 1 1 1 1 0.2594214 -0.9778631
0 1 1 1 1 1 -0.06412126 0.6942428
0 1 1 2 1 1 -0.7945588 0.5130435
0 1 1 1 1 1 -0.3990956 1.40208
0 1 1 1 1 1 -0.5970495 0.3692398
0 1 1 1 1 1 0.1692821 -0.06172503
1 1 1 1 1 2 -0.7905027 0.5643286
0 1 1 1 0 2 -0.168396 -0.148151
0 1 1 1 1 1 0.9409586 0.006026876
0 2 1 1 1 1 1.062108 -2.068357
0 1 1 0 1 1 0.2688959 -0.6794916
0 1 1 1 2 2 1.354268 -0.7881447
0 1 0 1 1 0 -1.487633 2.195459
1 1 1 2 1 1 1.217294 -1.354483
1 1 1 1 1 1 1.305597 0.4968406
0 1 1 1 1 1 0.1735739 -0.4688445
1 2 1 1 2 0 0.3781678 -1.232967
1 1 0 2 1 1 -0.0809272 -0.2772377
0 1 1 1 1 1 -2.55808 1.151631
1 1 0 2 1 1 0.686913 0.1930936
1 1 2 2 1 1 0.1481722 -0.05760159
1 2 1 1 1 2 0.4307629 -0.29236
0 1 1 2 0 1 -0.07931455 -0.4865997
0 1 1 1 1 2 0.3478998 1.008169
1 1 0 1 0 2 -0.7078924 -0.3900717
0 1 1 1 0 1 -1.11352 0.3197376
1 1 1 1 2 1 -0.392326 -0.09190282
0 1 1 1 1 1 -2.04224 -0.7702525
1 2 1 1 1 1 -0.8272837 -2.616702
1 1 1 1 1 1 0.659574 -1.027874
1 1 1 1 1 1 0.4790865 0.6144557
0 1 1 1 2 1 -0.00146238 -1.414052
1 1 1 0 1 2 -0.5660346 -0.3085884
0 2 0 1 1 1 0.562577 0.4857421
1 1 1 1 1 1 0.002264177 0.3290853
0 2 2 1 1 1 -0.8177099 -0.6800506
0 2 1 0 2 0 -0.3005497 1.340628
0 1 1 0 0 0 -1.309763 -0.6308632
0 2 1 0 2 0 -2.04197 0.7362142
0 1 0 0 0 0 -1.608217 0.7473214
0 2 1 0 2 0 -0.7115078 1.469098
1 2 2 0 0 0 -0.4238301 0.6143448
0 2 1 0 2 1 -1.621596 1.282141
1 2 1 1 2 0 0.6364996 -1.555234
1 2 1 0 2 0 -0.4766528 -1.074225
0 2 1 0 1 0 -0.7787853 2.065946
0 2 1 0 0 0 0.2776961 0.7330311
0 2 1 0 2 0 1.065644 -0.1569272
1 2 1 0 2 0 0.1620361 0.006320251
0 2 1 0 2 0 -0.5263355 -0.6006839
0 2 1 2 2 0 -0.8019535 0.8074668
0 2 1 2 2 0 0.2026871 -0.2712603
0 2 0 0 2 0 -0.08805394 0.8243631
0 2 1 0 2 0 0.5659188 -1.898122
1 2 0 0 1 0 -0.3780855 1.241786
1 2 1 1 2 0 1.368248 0.1546736
0 2 1 0 2 0 0.006401484 0.0597916
0 2 1 0 2 0 -1.432827 -2.023965
0 2 1 0 1 0 0.5314858 1.101328
0 2 1 0 2 0 -0.03436482 0.8418758
0 2 1 0 2 1 -1.430201 0.6099089
1 2 0 1 2 0 -0.4828528 -1.668917
0 0 2 0 2 0 2.00524 -0.3517979
1 2 1 0 2 0 -1.009062 0.3681001
0 2 1 0 2 0 -1.090095 -0.368362
0 2 1 2 2 0 -0.2902521 -0.3789963
0 2 1 0 0 0 1.095449 0.2494174
0 2 1 0 2 0 -1.453387 0.9032471
1 2 1 0 2 0 1.029807 -0.3727839
0 0 1 0 2 0 0.5029216 0.8459627
1 0 0 0 2 1 1.282143 0.6494055
0 0 1 1 2 2 1.139097 1.045978
0 2 1 0 2 2 0.4147304 -0.5867329
0 2 0 2 2 0 0.605965 2.018432
0 2 2 0 2 0 -0.3964848 0.5776388
0 2 1 2 0 1 -0.1613416 -0.7120579
1 2 1 0 2 1 1.115211 -1.186584
1 2 1 0 2 0 -1.524258 0.5437913
0 2 1 0 2 0 1.456991 1.576023
0 1 1 1 2 0 -0.4511249 0.5133623
0 2 1 0 2 0 -0.1953704 1.007574
0 2 1 0 2 2 -1.980868 0.4174355
1 2 1 1 2 0 -0.441136 -1.553385
0 2 1 0 2 0 0.5191254 0.7142165
0 2 1 0 2 0 -0.824697 0.5323946
1 2 1 0 2 0 0.43409 1.77292
0 2 0 0 2 0 3.377957 -3.043036
1 0 1 0 2 0 -0.6971441 -1.069825
1 2 0 0 0 0 -1.467074 -0.008293529
1 1 0 0 1 0 -0.3195335 1.218474
0 2 1 0 2 0 -0.5588067 -0.3446634
0 2 1 0 2 0 -0.272783 -0.163109
0 2 0 0 2 2 -0.1379807 1.892941
0 2 1 0 2 0 -0.2128372 -0.2218856
0 2 1 0 2 1 1.628508 2.31727
0 2 1 0 2 0 0.1546203 1.385337
0 2 1 0 2 0 -0.1853474 0.9388964
0 2 1 0 2 0 -2.417053 0.7490905
0 2 1 0 2 2 0.08441559 -0.8029109
0 2 1 0 2 0 -0.2418998 -0.5486755
1 2 1 2 2 0 1.178325 -0.1562423
0 2 1 0 2 0 -0.7611351 -0.8301739
0 2 1 2 2 0 -0.1416622 0.9496348
0 2 1 1 2 0 0.7663958 0.9043566
1 2 1 0 2 0 0.601934 -0.661679
0 2 1 0 2 0 0.5659152 -0.836759
0 2 1 0 1 0 -0.6109161 -0.976594
0 2 1 0 1 0 -0.5462444 0.005341293
1 0 1 2 1 2 -2.020326 -0.2112966
0 2 1 1 1 0 -1.091895 0.569039
0 2 1 0 2 0 2.046557 1.412766
0 2 1 0 2 0 -0.5193984 0.7696366
0 1 2 0 2 0 0.1469296 -0.5538243
0 2 1 2 0 2 -0.8211284 -0.1740302
1 2 1 1 2 0 -1.29251 -0.9764367
1 2 1 0 2 2 -0.03062682 0.09551313
0 2 1 0 2 0 -0.6021623 1.486166
0 2 1 0 2 0 0.1736409 0.4394202
0 2 1 0 2 2 0.02139633 -0.4077369
0 0 1 0 2 2 1.394862 -0.4170712
0 2 1 2 2 0 0.5306249 0.8308698
0 2 2 0 2 0 1.061688 -0.09293279
0 2 1 0 1 1 -0.6097956 -0.5008862
0 2 2 0 2 0 -0.6277313 -0.1687753
1 1 1 0 2 0 -0.4139637 0.9690669
0 2 1 0 2 0 -1.512793 -0.9889027
0 1 1 0 2 0 0.06763379 0.4660776
0 2 1 0 2 0 0.1827339 -0.4931439
0 2 1 0 2 2 -0.5176506 0.3939088
0 2 1 0 2 0 -0.7310423 -0.2500124
0 1 1 0 2 0 -0.2118758 0.07650601
0 2 1 0 2 0 -1.047936 0.84113
1 2 1 0 2 2 -0.2215659 1.016281
0 2 1 0 2 0 -0.2659552 1.745058
1 2 1 0 2 0 -0.02758087 -0.6131811
1 2 1 0 2 0 1.62152 1.363644
0 1 2 0 0 0 0.4020133 0.4568281
0 2 1 0 1 0 0.9331211 1.050606
1 2 1 0 2 2 0.4334546 -1.023818
1 1 1 0 2 0 -1.93453 -1.513458
1 2 0 0 2 0 -1.313257 0.3415613
1 2 1 0 2 2 -1.167033 -0.08258728
1 2 0 0 2 0 -0.1441879 -0.6410846
0 2 1 0 2 0 0.1781309 0.8706173
0 2 1 0 2 0 0.3195653 0.0727948
0 0 1 0 2 0 -0.361424 -0.4901512
0 2 1 0 1 0 1.239645 -0.4746247
0 0 1 2 2 0 -0.7611531 0.3779527
0 2 1 1 1 0 0.2258566 0.4827362
1 2 2 0 2 0 -0.726144 -0.2009649
0 2 2 0 2 0 0.1609661 0.9540066
0 2 2 0 2 0 -0.5527683 -0.02035026
1 2 1 1 1 0 -0.2285763 0.3250353
1 2 0 0 2 0 0.7388822 -0.7835492
0 2 1 0 2 0 -0.05259571 -1.55502
1 2 1 0 2 2 -1.063722 0.8612633
0 1 1 0 2 2 0.625876 0.1040014
0 2 1 0 2 0 0.5291666 0.7334771
1 2 1 0 1 0 -1.12144 1.04917
1 2 0 1 2 0 -0.4706632 -0.6833876
0 2 1 1 2 0 1.295936 1.13541
0 2 1 0 2 1 1.252167 -0.04378652
0 1 1 2 2 1 2.185777 -0.0955644
0 2 1 0 2 0 0.2401962 0.6989407
0 2 1 0 2 2 0.4479452 0.9897808
1 2 1 0 2 2 1.563751 0.1020085
0 1 1 0 0 0 1.019499 0.5520553
0 2 1 0 2 0 -1.09568 0.3933023
1 2 1 2 2 1 1.48819 -0.5937121
0 2 1 0 2 0 -0.3624995 1.312483
0 0 1 0 2 0 -2.129835 -0.007502672
1 1 1 0 2 2 -0.6463069 1.461349
1 2 1 1 2 0 0.423292 -0.704717
1 1 1 0 2 0 -0.1474415 -1.130258
0 0 2 0 2 0 0.5344522 0.39499
0 2 1 0 2 0 0.4727693 1.276027
0 2 1 0 2 2 -0.1270544 -0.8686725
1 0 2 0 1 0 0.3094033 -0.1922182
1 1 1 0 2 0 0.9233365 -0.6520415
0 0 2 0 2 0 0.5989149 0.2947652
0 2 1 1 2 0 -0.5383817 1.043385
1 0 1 0 2 0 -0.5542338 1.538241
0 2 1 0 2 1 0.04098578 -1.051721
0 1 0 0 2 0 -0.7135287 -1.044492
1 0 0 0 2 0 1.718508 0.8511873
0 0 1 1 2 0 0.2505003 0.4196651
0 2 1 0 1 0 -0.4080722 -0.9891174
0 2 1 0 2 0 0.6948759 0.5090265
1 2 1 0 2 0 -1.630913 -0.6267558
0 2 1 2 2 1 -0.5760978 -0.9081714
0 1 1 1 2 0 -2.219612 2.071733
0 2 1 0 2 0 -0.501797 1.201522
0 1 1 0 1 0 0.2209463 1.159646
1 2 2 0 2 0 1.401641 -0.6503385
0 2 2 0 2 0 -0.4739841 0.5266846
0 2 1 1 2 1 -0.7901746 -1.020945
0 1 1 0 2 0 -1.46365 0.707819
0 0 1 0 2 1 1.256929 -0.7800788
1 2 1 0 2 0 -0.5254185 -2.321539
1 2 1 1 2 0 0.4039637 1.254371
0 2 1 0 0 0 -0.6542174 -1.891712
1 2 1 0 2 0 0.04561323 -1.149292
1 0 2 0 2 0 0.1460804 1.203894
1 2 1 0 2 0 0.2619048 -1.140198
0 2 1 0 2 0 -0.8023522 1.454949
0 2 1 0 0 0 0.1395247 -0.1223285
0 1 1 0 2 0 -0.9338103 0.1645619
0 2 1 2 1 0 0.2827412 1.198724
0 0 1 0 2 0 -0.02435651 0.0309342
0 2 1 0 2 0 -2.355846 0.5644415
0 2 1 0 2 2 -1.361283 -1.688632
0 2 1 0 2 0 0.4558926 2.189089
0 2 1 0 2 0 -1.310057 -0.936473
1 2 0 0 2 2 0.306052 -0.6671324
0 2 1 0 2 0 -0.4557835 -1.191011
1 0 0 1 2 0 0.660819 -0.5481525
1 0 0 0 2 0 0.8596842 0.5143751
1 2 1 0 1 0 0.1937792 -0.5370534
0 1 1 1 1 0 -1.283462 -1.869617
0 2 1 0 2 1 -0.3116184 -1.28668
0 2 1 0 2 0 -1.793647 0.9915654
0 2 1 0 2 0 -2.891514 2.28485
0 2 1 0 2 0 -0.9876062 0.2729958
0 1 1 0 2 0 0.2938211 -0.1747607
1 2 1 0 2 1 0.8808101 -0.1126753
0 2 1 2 2 0 0.6476857 0.274051
1 2 1 0 2 2 1.11707 0.9518245
0 0 1 1 2 0 1.345941 0.7253907
0 2 1 0 2 0 0.1606114 -1.21011
0 2 1 0 0 2 -1.393051 2.118948
0 2 1 0 2 0 -0.9653106 -0.6574643
0 2 0 0 2 0 -0.9495782 -0.310136
0 0 1 2 1 2 -0.7554941 -0.06772101
0 2 1 0 2 0 0.04722791 1.338041
0 0 2 0 2 1 1.706844 -0.2236148
0 2 1 0 2 0 0.3145221 1.561132
0 2 2 1 1 2 0.4032294 0.262434
0 2 2 2 2 1 2.070946 -1.802893
0 2 2 0 2 2 1.360053 1.072903
0 2 2 1 2 2 -1.610778 0.7674555
0 0 2 2 1 2 1.349214 0.8454484
0 2 2 2 2 2 0.4707569 0.134453
0 2 2 2 2 2 -0.6832606 -0.1350867
0 2 0 2 2 0 -0.312078 0.97245
0 2 2 1 1 2 -0.9428715 1.285081
0 0 2 2 2 2 1.532645 1.487418
0 2 1 2 2 2 -0.2597976 0.5141081
0 0 2 2 2 2 0.05042791 -1.031303
0 2 2 1 2 2 0.1252588 -0.9121235
1 2 2 0 2 2 1.721949 -0.4014242
0 2 2 2 2 2 -0.2038901 2.349959
0 1 0 2 2 2 0.277575 -0.4757644
0 2 2 2 2 0 -0.506993 -0.5828976
0 2 2 2 2 2 -0.7517495 2.613389
0 0 2 0 2 2 1.057203 -0.06769294
0 1 2 2 2 2 0.4210703 -0.2115249
0 2 2 0 2 2 1.763968 -0.2353304
0 0 2 2 0 2 0.8595501 2.380304
0 2 2 2 2 2 0.187414 -0.005833473
0 2 0 2 2 2 -0.2738905 -0.2587464
0 2 2 2 2 2 -0.7172865 1.574025
0 2 2 2 1 2 0.4149783 -2.283297
0 2 2 2 0 1 -0.3976915 0.7949744
0 2 1 2 2 0 2.043999 0.6030563
0 2 2 2 2 2 0.000713252 0.7676812
0 2 2 2 0 2 -0.1255243 0.080511
0 1 2 2 2 2 0.548139 -0.5397373
0 2 2 2 2 2 -0.2339437 1.093655
0 2 2 2 2 2 0.9504162 1.112899
0 2 2 2 2 2 1.694403 0.19087
0 2 2 2 2 2 0.2240707 0.07453285
1 2 0 2 2 2 0.3186004 -0.836329
0 2 2 2 2 1 -0.1405137 -1.172266
0 0 2 1 2 2 0.0378458 0.4449859
0 2 2 2 2 2 -0.5361429 -0.03579672
0 2 2 0 2 0 1.11902 -0.149298
0 2 2 2 2 2 0.2203474 0.136475
0 2 0 0 2 2 -0.4746155 0.6985735
1 0 2 2 2 2 1.857588 0.5571185
0 2 2 2 1 0 -0.6971012 -0.1558177
1 1 2 2 2 2 -0.4835718 -0.01583138
0 2 2 2 2 0 -1.401425 0.2645886
0 1 2 2 2 2 -0.8237639 0.2674776
0 2 2 2 0 2 -0.4335535 -0.7369469
0 2 2 2 2 2 -0.1042372 1.347903
0 0 0 1 2 2 -0.03815695 -1.264146
0 2 2 0 1 2 -1.257355 1.192144
1 1 2 2 2 2 -1.515009 -2.191117
0 2 1 2 2 2 -0.5952245 0.07817314
0 2 2 2 1 2 -1.207327 -1.121269
0 1 2 2 2 2 0.4929617 1.212575
0 2 2 1 2 2 -0.2931544 0.6393815
1 2 2 2 2 2 0.760629 -0.05029122
0 2 2 0 1 1 -0.5476689 -0.1203735
0 2 2 0 2 2 0.1031318 1.362057
0 2 2 2 2 2 0.2676162 0.3814178
0 2 1 2 2 2 -0.8176101 -1.038616
0 2 2 2 1 2 0.2492856 0.03943431
0 2 2 2 2 2 -1.177313 -0.4780822
0 0 0 2 2 0 1.01512 -1.166088
0 2 0 2 2 2 0.2981168 1.002668
0 2 2 2 2 2 -0.4057106 -0.1320897
0 2 1 2 2 2 -0.2417598 0.4388004
0 2 2 2 1 1 1.960017 1.450027
0 2 0 0 2 2 1.207656 -0.3519226
1 1 2 2 2 2 0.9499109 0.1343886
0 1 1 2 2 2 0.5333483 0.1799106
0 2 2 2 2 2 0.7223662 0.4887712
0 2 2 2 2 2 -0.5980192 -0.366923
0 0 2 2 1 2 0.4196455 0.1001816
0 2 2 2 2 2 -0.1876444 -0.7588848
0 2 2 2 2 2 0.3360218 0.6344384
1 1 2 2 2 2 0.002565552 -1.6486
0 1 2 2 1 2 -0.8812221 -0.2410698
0 2 2 2 2 2 1.178798 -0.930453
0 0 0 2 2 2 0.3354529 -0.7831115
0 2 2 2 2 2 -0.8897316 0.09777064
0 2 2 0 2 2 0.4749538 1.365048
1 2 2 0 2 2 1.387055 -1.001699
0 0 0 2 2 2 -0.4855838 -0.2367227
0 2 2 2 0 2 -0.9635741 0.5508492
0 2 2 2 2 2 1.13369 1.548711
0 2 1 2 2 2 0.007071905 0.1071787
0 2 2 2 0 1 -0.6200052 0.2998964
0 1 2 2 2 0 -0.8301201 1.713493
0 0 1 2 2 1 -0.03192049 -0.0006710025
0 2 2 2 2 2 1.010013 0.1004578
0 2 2 2 0 2 1.167 1.847378
0 2 2 2 2 2 -1.233424 -1.052199
0 1 2 2 1 2 0.2333793 2.280635
0 2 2 2 2 2 0.1091424 -0.5848521
1 2 2 2 2 1 0.9936519 -0.5769238
0 2 2 2 2 2 0.4087677 -2.184639
0 2 2 2 2 2 1.197336 -0.3013027
0 0 2 2 0 2 -0.8219219 0.6414387
1 1 2 2 2 2 -0.4182581 0.1867204
0 2 2 2 2 2 -0.1451823 -0.8683021
0 2 2 1 2 2 -0.9326148 1.093533
0 2 2 2 2 2 0.3565981 2.108633
0 1 2 2 2 2 -0.6733112 1.484435
0 2 2 2 2 2 2.548234 -0.7748859
0 2 2 2 2 2 1.072772 -1.277372
0 2 2 2 2 2 0.5556053 -0.01031255
0 1 2 2 2 2 -0.2243568 -0.2612337
0 2 1 2 2 2 0.1765296 -0.6851038
0 2 2 2 2 2 0.1774341 -1.442982
0 2 2 2 2 0 -0.9731265 1.685457
0 2 2 0 0 2 -1.013298 -0.9130175
0 2 2 2 2 2 0.7130956 -1.417474
0 2 2 0 2 2 -0.439905 0.9687588
0 2 2 2 2 2 -1.178635 0.9917235
1 0 2 2 2 2 -0.6921269 0.2660632
1 2 2 2 0 2 -1.174324 -1.212382
0 2 2 2 1 0 -0.5194974 -2.22093
1 2 2 2 2 2 -1.764653 -0.1408283
0 1 2 2 2 2 0.5301866 0.4156844
0 2 2 2 2 2 0.2866481 -0.7194416
0 2 0 2 2 2 0.9825563 -1.186058
0 2 2 2 2 2 -0.4178974 -1.777288
0 2 0 0 1 2 -1.183592 0.3438076
0 0 2 2 1 2 -0.3032063 -0.7002129
1 2 2 2 2 2 0.6664089 -0.4411901
0 2 2 2 2 2 -0.1109722 0.5141763
0 2 2 2 2 2 0.17822 0.8305954
0 2 2 2 2 2 -1.047622 0.06482113
0 2 1 2 2 2 0.2315634 -0.6624516
0 1 2 1 2 2 0.1613526 1.491246
1 2 2 2 2 2 0.2068258 -1.230878
0 2 1 1 2 2 1.148958 0.824048
0 2 0 2 0 2 0.8972473 1.035364
1 2 2 2 2 2 -0.918024 -1.433599
0 2 2 0 2 1 0.426762 0.05668618
0 2 0 0 2 2 -0.162322 -1.277483
0 2 1 2 2 1 -0.1620972 0.3108463
0 2 2 2 2 2 -0.7473345 -2.129509
0 2 2 2 0 2 -0.2227453 1.328709
0 2 2 2 2 2 1.298237 0.2699268
0 2 1 2 2 2 0.04221822 -0.2934199
0 2 2 2 2 2 2.180753 0.6884905
0 2 0 2 2 2 0.3187734 2.018534
0 2 2 0 2 1 -1.192502 -0.7139912
0 2 2 2 2 2 -1.419898 0.6857702
0 0 2 2 2 2 0.401066 0.322888
0 2 2 2 2 2 -0.1641701 -0.442676
0 2 2 0 2 2 2.491204 0.6915105
0 2 2 2 2 2 -1.443669 -0.9243358
0 2 2 1 2 2 2.514007 -0.2864986
0 2 2 2 2 2 -0.140762 -0.3452105
0 2 2 2 0 2 0.6901566 -0.5088321
0 2 0 2 2 2 1.551287 0.1609551
0 2 2 2 2 2 0.02330225 -0.1125673
0 0 2 0 2 2 1.184033 0.0008753396
0 1 2 1 0 2 0.2359152 1.174912
0 2 2 2 2 2 1.397492 0.3703824
0 2 1 1 2 2 -0.2371194 -0.3895196
0 2 2 1 0 1 0.1165463 0.1763078
0 2 2 2 2 2 1.651134 1.030693
0 2 2 2 1 2 0.324742 -0.3053333
0 2 2 2 2 2 0.2312472 0.6962195
0 2 2 2 2 2 0.240322 -0.05936899
0 2 2 0 0 2 -0.103143 -0.9081649
0 2 1 2 2 2 0.5295767 -0.13165
0 2 2 2 1 2 1.118574 0.6265124
0 2 2 2 2 2 1.24003 1.178187
0 2 1 2 2 2 -0.7642503 0.741076
0 1 2 2 2 2 0.1247875 1.704299
0 0 2 2 2 2 0.1515352 1.235582
0 2 0 2 2 2 -0.008532956 0.2946946
0 2 0 2 2 0 0.03563173 0.7296858
0 2 2 2 2 0 1.002359 0.08832702
0 2 0 2 2 2 0.7544438 -1.783219
1 2 2 1 2 2 0.916347 -2.056287
0 2 0 1 2 2 -0.01443088 0.7325531
0 2 1 2 1 2 -1.203455 1.267769
0 2 2 2 2 0 -1.060067 -1.235756
0 2 0 2 2 2 0.9246506 -0.1469892
0 2 2 0 2 2 -1.227106 -1.563399
1 0 2 2 1 2 -0.3877425 -0.2696087
0 2 2 2 0 1 -0.3398835 -0.3465573
0 2 0 2 0 0 1.045715 -0.1443887
0 2 2 0 2 2 -1.314376 0.2196304
0 2 2 2 2 2 3.55399 -0.2308188
0 2 2 2 2 2 1.096866 -2.759097
0 2 2 1 2 2 -0.138132 0.5650788
1 2 2 0 0 2 -0.7757974 -1.637322
0 2 2 2 2 2 1.332313 -1.192639
0 0 2 2 2 2 0.4202382 0.3171661
0 2 2 2 2 2 -0.580508 0.4401641
0 0 2 2 2 2 0.8447294 0.248646
0 2 2 2 0 2 -0.5728721 0.1348613
0 2 1 2 2 2 -0.6045935 0.844551
0 2 2 2 1 2 -0.5845183 0.3357323
0 2 2 2 0 2 -0.09428994 -0.2301476
0 2 2 2 0 2 -1.076144 0.7084052
0 2 0 2 2 2 -1.219088 -0.4117142
0 2 2 2 2 2 -1.498919 -0.369238
