1.26711
1.35512
1.16474
1.21243
1.22404
1.27754
1.32449
1.19998
1.30668
1.27352
1.34228
1.27292
1.25207
1.23744
1.31479
1.41407
1.33868
1.26128
1.24142
1.23951
1.30374
1.27432
1.25942
1.3351
1.24614
1.17378
1.17081
1.29324
1.3236
1.18374
1.25071
1.34904
1.21871
1.31284
1.20586
1.28092
1.20384
1.28958
1.24147
1.2159
1.25955
1.30592
1.30477
1.30016
1.21024
1.2146
1.23263
1.14106
1.22149
1.23335
1.23626
1.30152
1.20966
1.22787
1.21457
1.29388
1.32977
1.26502
1.273
1.31597
1.23762
1.23559
1.28843
1.2197
1.3045
1.24091
1.16946
1.24588
1.24185
1.33219
1.27442
1.31761
1.20756
1.16815
1.18944
1.21044
1.38207
1.19182
1.27468
1.22472
1.30379
1.31962
1.23845
1.26668
1.25104
1.25417
1.19895
1.27427
1.271
1.26818
1.34645
1.21294
1.21448
1.26912
1.20442
1.26266
1.33767
1.25981
1.30263
1.20843
