0.406781
0.406781
0.406781
0.406781
0.470461
0.470461
0.470461
0.470461
0.353969
0.353969
0.54774
0.617642
0.759432
0.607884
0.605449
0.792421
1.14631
0.952644
0.960074
0.633918
0.633918
0.633918
1.62011
1.20972
0.23157
0.550396
0.550396
0.354086
0.296478
0.296478
0.340041
0.340041
0.340041
0.340041
0.340041
0.340041
0.340041
1.07638
0.651242
0.651242
0.651242
0.651242
0.651242
0.651242
0.651242
0.651242
0.651242
0.651242
0.651242
0.576136
0.576136
0.225903
0.225903
0.225903
0.225903
0.916485
1.09852
1.09852
0.397618
0.44225
0.204855
0.204855
0.204855
0.204855
0.204855
0.204855
0.204855
0.334478
0.334478
0.464461
0.480343
0.480343
0.480343
0.480343
0.563542
0.563542
0.563542
0.170401
0.170401
0.240539
0.240539
0.240539
0.598423
0.447977
0.760969
0.680393
0.680393
0.680393
0.680393
0.680393
0.742148
0.742148
0.329318
0.547133
0.547133
0.547133
0.547133
0.243298
0.243298
0.965586
