1.97987 1.0495 0.757945 425187 0.859573 -0.136321 0.0728764 -443914 0.859573 -0.136321 0.0728764 -443914 1.13735 1.04602 2.97418 463468
2.0727 1.01679 0.663006 3063.83 8.18802 0.853832 -0.0273086 -0.0924495 -3074.44 -6.1067 0.853832 -0.0273086 -0.0924495 -3074.44 -6.1067 1.07781 0.86993 2.94345 3088.05 5.98041
2.02152 0.709242 1.08902 0.887695 -0.0133591 -0.0987207 0.887695 -0.0133591 -0.0987207 1.09323 3.12296 0.874238
0.68657 1.96852 1.13655 9.12566 26.5158 121.661 -0.189082 0.835671 -0.107327 -15.2555 -6.20318 -109.876 -0.189082 0.835671 -0.107327 -15.2555 -6.20318 -109.876 3.27815 1.10048 0.989134 42.8994 10.1293 101.383
0.715985 1.01804 1.88997 44.5581 -0.174509 -0.0711419 0.882658 -33.0572 -0.174509 -0.0711419 0.882658 -33.0572 2.98918 1.01402 1.17442 27.5639
1.08863 0.624383 1.97767 -0.0319996 -0.112866 0.852697 -0.0319996 -0.112866 0.852697 0.867015 3.2219 1.08111
1.02294 0.734963 2.03689 -0.0886906 -0.200112 0.72483 -0.0886906 -0.200112 0.72483 0.840037 2.86612 0.998733
0.618492 1.102 1.80343 211.106 3.67699 -0.125917 -0.0740352 0.736616 -17.9788 -1.76868 -0.125917 -0.0740352 0.736616 -17.9788 -1.76868 2.98894 0.878699 1.01801 7.49389 5.10344
1.07955 0.622991 1.91454 5.88939 -0.097504 -0.0998801 0.788024 -2.71319 -0.097504 -0.0998801 0.788024 -2.71319 1.00764 2.88966 1.10664 4.87051
0.606481 1.07588 2.13667 12.8079 65.3503 66.8927 -0.0268274 -0.0190958 0.847633 -11.2439 -37.6712 -67.2322 -0.0268274 -0.0190958 0.847633 -11.2439 -37.6712 -67.2322 2.76949 0.929253 1.04929 13.0903 24.7829 72.2985
1.10298 0.705988 2.15671 -0.080915 0.0730381 0.987266 -0.080915 0.0730381 0.987266 0.976133 3.09951 1.22166
1.12421 1.76035 0.707185 -0.0960379 0.833324 0.100272 -0.0960379 0.833324 0.100272 0.89417 1.09282 2.84368
1.02612 0.666426 1.86656 -0.0916435 -0.00420209 0.765773 -0.0916435 -0.00420209 0.765773 1.11802 2.99268 0.992096
1.1763 2.10926 0.692407 -0.255161 0.850011 -0.172527 -0.255161 0.850011 -0.172527 1.06775 1.12753 2.71463
2.19164 1.22582 0.617914 0.772571 -0.185155 -0.124319 0.772571 -0.185155 -0.124319 0.995272 1.10518 2.90341
1.1574 2.04133 0.561567 -0.151606 0.851869 -0.0233539 -0.151606 0.851869 -0.0233539 0.967263 1.10577 3.2222
1.96479 0.971458 0.660629 0.96562 -0.0635401 -0.10543 0.96562 -0.0635401 -0.10543 1.17245 0.964498 2.98117
1.062 1.93969 0.56389 -0.095385 0.818021 -0.0620396 -0.095385 0.818021 -0.0620396 0.992575 1.10383 3.204
1.16043 0.706926 1.8283 -0.16564 -0.163821 0.820828 -0.16564 -0.163821 0.820828 0.845285 3.15136 1.03307
1.19463 2.19424 0.763261 -0.20763 0.874271 -0.16604 -0.20763 0.874271 -0.16604 1.01679 1.10689 2.60094
1.06116 1.95194 0.654684 31.9678 -0.0116789 0.944813 -0.0621078 2.65371 -0.0116789 0.944813 -0.0621078 2.65371 0.904558 1.1346 3.14332 4.4044
1.85175 1.09597 0.711486 0.768042 -0.0878501 -0.133518 0.768042 -0.0878501 -0.133518 1.03049 0.97501 2.53274
0.94881 2.05821 0.666493 1148.8 0.00948798 0.884608 -0.0754648 -1526.01 0.00948798 0.884608 -0.0754648 -1526.01 0.978763 1.0592 3.21995 2068.69
1.21898 2.24969 0.687706 164.956 4266.14 36.6218 5.38135 240.462 1030.1 -0.167279 0.940479 -0.0712705 -48.2579 -1321.54 -20.4953 -2.83471 -196.036 -512.633 -0.167279 0.940479 -0.0712705 -48.2579 -1321.54 -20.4953 -2.83471 -196.036 -512.633 0.882493 1.12094 2.97209 18.6653 412.916 13.7672 5.36173 161.712 275.892
2.17365 1.01785 0.678702 118.712 1.0026 -0.100064 -0.160188 -148.039 1.0026 -0.100064 -0.160188 -148.039 1.12675 1.0954 2.86144 193.865
1.12649 2.1354 0.631543 23.3898 244.138 -0.141304 0.628999 -0.0732337 -18.1815 6309.95 -0.141304 0.628999 -0.0732337 -18.1815 6309.95 0.915917 1.13044 2.69802 15.5379 167500
0.978158 0.658733 2.24118 -0.0580587 -0.1386 0.887057 -0.0580587 -0.1386 0.887057 0.885669 2.66268 1.03386
0.675688 1.32874 2.11705 17.2684 422.046 44436.6 -0.151458 -0.241821 0.841644 -12.524 -222.142 -33790.5 -0.151458 -0.241821 0.841644 -12.524 -222.142 -33790.5 3.2693 1.21635 1.10268 11.1639 118.612 25696.9
0.663714 1.0365 1.93626 29.5449 0.0141526 -0.180301 0.799629 -30.5139 0.0141526 -0.180301 0.799629 -30.5139 2.96012 1.02142 1.05131 32.5572
1.04124 0.598099 1.77696 -0.0662245 -0.109497 0.743892 -0.0662245 -0.109497 0.743892 0.975594 2.74759 0.985896
1.08306 2.20847 0.685338 -0.142063 1.08929 -0.326625 -0.142063 1.08929 -0.326625 1.00312 1.26876 3.41392
1.13439 1.88952 0.639524 -0.0799903 0.868495 -0.0473892 -0.0799903 0.868495 -0.0473892 0.955075 1.09658 2.76733
1.20923 2.09104 0.680041 -0.0994536 0.905002 0.0147075 -0.0994536 0.905002 0.0147075 0.950219 1.09229 2.8083
1.15126 1.99995 0.710728 -0.0388033 0.901873 -0.215794 -0.0388033 0.901873 -0.215794 0.885316 1.0955 3.29974
1.11481 1.8035 0.760504 -0.102171 0.748907 -0.044419 -0.102171 0.748907 -0.044419 0.912485 0.989477 2.87116
1.11433 0.583415 1.9606 -0.0526857 -0.205709 0.964794 -0.0526857 -0.205709 0.964794 0.977323 3.03228 1.12949
0.632864 1.27602 1.79114 207.152 -0.0661666 -0.181753 0.641796 -300.677 -0.0661666 -0.181753 0.641796 -300.677 3.0507 1.05503 0.961563 444.694
0.620127 2.14338 1.29438 0.0115358 0.886706 -0.181354 0.0115358 0.886706 -0.181354 2.92087 1.02504 1.02745
0.798399 1.03446 2.12306 -0.10542 -0.0298268 0.885016 -0.10542 -0.0298268 0.885016 2.59502 0.841182 1.13988
1.21645 0.651541 1.98521 -0.157925 -0.103116 0.876092 -0.157925 -0.103116 0.876092 0.98371 2.72293 1.09654
0.580971 1.11192 2.05125 -0.0813506 -0.0304731 0.899759 -0.0813506 -0.0304731 0.899759 2.89532 1.01342 1.10288
0.977942 0.634453 1.91041 8.19117 18.9048 -0.122166 -0.0143791 0.584042 4.97133 -12.2042 -0.122166 -0.0143791 0.584042 4.97133 -12.2042 1.00777 3.32163 1.15869 21.8987 10.6938
1.05302 1.59436 0.586561 -0.0292586 0.703014 -0.150814 -0.0292586 0.703014 -0.150814 0.963375 1.00976 2.62058
2.09768 1.11802 0.590559 0.845134 -0.0592864 -0.0159274 0.845134 -0.0592864 -0.0159274 1.00039 0.946345 2.74012
1.0408 1.90506 0.706826 682.213 -0.140529 0.88976 -0.120305 -120.998 -0.140529 0.88976 -0.120305 -120.998 1.0358 1.1467 3.13687 73.1287
1.17786 1.74382 0.748121 864.633 -0.194222 0.792422 -0.179496 -747.417 -0.194222 0.792422 -0.179496 -747.417 1.03793 1.05353 2.8147 649.163
1.26085 0.718514 1.95518 5.44358 76.1111 1856.64 17.1698 -0.105529 -0.127849 0.759496 -1.83942 -66.5764 -1549.27 -8.9251 -0.105529 -0.127849 0.759496 -1.83942 -66.5764 -1549.27 -8.9251 0.99999 2.79052 1.09811 3.3507 87.1248 1295.01 154.853
1.13175 1.86118 0.54512 10123.4 0.00474869 0.743099 -0.1804 -4548.59 0.00474869 0.743099 -0.1804 -4548.59 1.00062 1.02424 3.12238 2045.34
1.07666 1.98833 0.743714 -0.198958 0.888979 -0.127577 -0.198958 0.888979 -0.127577 1.04221 1.14851 3.02444
1.06588 0.61829 1.95736 74.9245 8.88092 -0.0855399 -0.227525 0.884391 -101.665 -14.5842 -0.0855399 -0.227525 0.884391 -101.665 -14.5842 0.981634 2.70039 1.06549 147.698 38.287
1.05781 2.02013 0.587358 -0.0348229 0.86993 -0.163926 -0.0348229 0.86993 -0.163926 1.10636 1.08201 3.51962
1.11118 2.09203 0.596158 146.417 10.7528 -0.0845874 0.789938 -0.0411749 -218.88 -6.71974 -0.0845874 0.789938 -0.0411749 -218.88 -6.71974 0.890438 0.963818 3.03369 331.925 5.11857
1.067 0.751264 1.98972 31.6785 312.184 -0.032275 -0.149364 0.745525 -131.994 -124.039 -0.032275 -0.149364 0.745525 -131.994 -124.039 0.992346 3.17817 1.00499 1946.57 77.5121
1.04796 1.9642 0.708765 142.291 -0.127821 0.739141 -0.0228934 -118.432 -0.127821 0.739141 -0.0228934 -118.432 0.938721 0.991377 2.61247 101.332
1.03939 2.18252 0.701711 128.861 -0.0353755 0.885455 -0.0812711 -48.8394 -0.0353755 0.885455 -0.0812711 -48.8394 1.11263 1.00533 3.30936 20.5287
1.01925 2.03368 0.59853 -0.0489114 0.832652 -0.0778212 -0.0489114 0.832652 -0.0778212 0.864606 1.01504 2.67827
0.947943 2.02413 0.70739 35.4021 49.1852 -0.0355738 0.938951 -0.164182 -43.8321 -53.9728 -0.0355738 0.938951 -0.164182 -43.8321 -53.9728 0.901737 1.13424 2.9671 64.7025 86.0479
1.96208 1.00364 0.66295 4894.35 130.176 0.834637 -0.0677019 0.0791983 -4970.84 -44.2119 0.834637 -0.0677019 0.0791983 -4970.84 -44.2119 1.09189 0.930064 3.49007 5059.67 18.865
1.10731 1.64046 0.692744 -0.0252324 0.710886 -0.0445842 -0.0252324 0.710886 -0.0445842 0.909074 1.0236 2.81081
2.01345 1.23337 0.698585 0.841399 -0.296369 -0.164444 0.841399 -0.296369 -0.164444 1.01932 1.09692 2.92616
2.05118 1.01089 0.623907 0.87117 -0.090723 -0.110496 0.87117 -0.090723 -0.110496 1.30718 1.05502 2.93508
0.969224 2.06145 0.882996 -0.0574335 0.904906 -0.188663 -0.0574335 0.904906 -0.188663 0.785037 1.14565 2.94635
0.988938 2.17018 0.659974 8209.15 -0.0650588 1.00361 -0.0850628 -14673 -0.0650588 1.00361 -0.0850628 -14673 0.941397 1.14463 3.17185 26379.6
1.06438 0.726824 2.03285 37.4433 4668.44 187.123 30.8695 25.7159 -0.0261539 -0.102298 0.815225 -1.79886 -2873.61 -227.013 -6.96306 -58.3078 -0.0261539 -0.102298 0.815225 -1.79886 -2873.61 -227.013 -6.96306 -58.3078 0.859322 3.20607 1.08012 10.5091 1772.63 290.078 23.1995 344.076
1.13903 0.707718 1.75705 -0.0838508 -0.106892 0.781967 -0.0838508 -0.106892 0.781967 0.962822 2.88474 1.06413
1.11275 2.0348 0.737712 4.75153 40.6752 16.3988 715.737 685.257 -0.0926871 0.800001 -0.0649757 -2.19143 -50.8932 101.063 -524.353 141.758 -0.0926871 0.800001 -0.0649757 -2.19143 -50.8932 101.063 -524.353 141.758 0.826898 1.00287 2.70316 30.558 67.0115 954.958 385.097 83.3016
0.964502 0.639033 1.98848 23.486 -0.0746097 0.0526375 0.670747 -19.9842 -0.0746097 0.0526375 0.670747 -19.9842 1.02581 2.89312 0.83527 26.7346
1.323 0.677862 1.90621 93.515 28158.5 7.81297 -0.232661 -0.191623 0.88276 -64.5364 -31907.5 -9.87054 -0.232661 -0.191623 0.88276 -64.5364 -31907.5 -9.87054 0.904537 3.09183 0.994098 51.3108 36163.7 29.1036
0.685534 1.38778 2.00427 35.8767 0.00496234 -0.198654 0.865976 23.4279 0.00496234 -0.198654 0.865976 23.4279 3.79994 1.01478 1.21044 43.4053
0.714239 1.93772 1.16793 -0.131709 0.811832 0.0206323 -0.131709 0.811832 0.0206323 3.13982 1.02647 0.914981
2.16553 0.629587 1.08905 0.785851 -0.224206 -0.104608 0.785851 -0.224206 -0.104608 0.971619 3.44262 1.00052
0.726345 1.97678 1.00397 8.89985 0.00526069 0.793947 -0.0572156 -8.64107 0.00526069 0.793947 -0.0572156 -8.64107 2.93829 1.01477 0.946486 12.7676
1.80143 0.739138 0.970877 30.6874 85.9578 14.9834 0.743797 -0.0986444 -0.0539473 -8.03468 -80.5988 -15.4515 0.743797 -0.0986444 -0.0539473 -8.03468 -80.5988 -15.4515 1.05781 3.0972 0.940171 4.98106 83.2797 27.7953
1.79481 0.633025 1.12565 5.60643 0.70991 -0.0764199 -0.0866214 -2.92598 0.70991 -0.0764199 -0.0866214 -2.92598 0.967786 2.74748 0.897011 7.48457
2.03109 1.0334 0.674172 232.442 60.4743 0.815102 -0.109191 -0.269145 -194.16 -5.91228 0.815102 -0.109191 -0.269145 -194.16 -5.91228 1.03345 0.98849 3.35513 164.785 12.9274
1.20564 1.95683 0.756728 29.6411 658.233 -0.0702506 0.866547 -0.14891 -6.16453 -316.383 -0.0702506 0.866547 -0.14891 -6.16453 -316.383 0.95565 1.12308 2.957 5.39169 168.431
1.2178 0.551285 2.25151 -0.29138 -0.097031 0.921133 -0.29138 -0.097031 0.921133 1.19029 2.75355 1.11292
1.03269 1.77466 0.636668 -0.0522303 0.872671 -0.160859 -0.0522303 0.872671 -0.160859 0.920671 1.1726 2.59415
0.954491 2.18441 0.701409 -0.109516 0.882736 -0.131737 -0.109516 0.882736 -0.131737 1.00425 1.02569 3.30026
2.15387 0.999018 0.667438 310.269 0.996715 -0.0777238 -0.0786695 -229.168 0.996715 -0.0777238 -0.0786695 -229.168 1.11886 0.920018 3.10665 219.54
2.21576 1.08665 0.707608 0.56686 -0.129209 -0.0406341 0.56686 -0.129209 -0.0406341 1.11171 1.00126 2.58626
2.04575 0.994657 0.658731 0.893172 -0.0534023 -0.0492712 0.893172 -0.0534023 -0.0492712 1.14268 0.995226 2.93472
0.99115 1.9729 0.626635 -0.0759099 0.832971 -0.0731426 -0.0759099 0.832971 -0.0731426 0.971904 1.09218 3.00506
1.3036 2.07751 0.651597 974.85 -0.244666 0.903571 -0.0370288 -740.034 -0.244666 0.903571 -0.0370288 -740.034 1.02319 1.11566 2.83395 564.74
2.16391 1.02706 0.606838 55.2275 10.7799 0.858156 -0.0665924 -0.114695 -38.9712 -7.0393 0.858156 -0.0665924 -0.114695 -38.9712 -7.0393 0.969531 0.977008 2.84909 31.2643 9.3425
1.10409 1.94763 0.800713 485.924 124.217 -0.00659102 0.823486 -0.129655 -592.773 74.5923 -0.00659102 0.823486 -0.129655 -592.773 74.5923 0.878892 1.1178 3.05076 750.534 53.6265
2.08106 1.05873 0.636048 0.855344 -0.0842411 -0.221854 0.855344 -0.0842411 -0.221854 1.18192 0.90482 3.75488
1.08065 1.98495 0.719447 9764.28 -0.0438944 0.841935 -0.0362535 17613.3 -0.0438944 0.841935 -0.0362535 17613.3 0.940226 1.12672 3.17967 31797.6
1.25428 2.05971 0.75249 110.485 -0.156657 0.836398 -0.0630239 12.2669 -0.156657 0.836398 -0.0630239 12.2669 1.01673 1.08548 3.21831 91.0397
2.0142 1.05942 0.699288 130.754 22.8033 0.848866 -0.0265675 -0.127987 -87.9234 -16.8301 0.848866 -0.0265675 -0.127987 -87.9234 -16.8301 1.03968 0.943565 2.66359 64.3188 14.99
1.94616 0.972954 0.740066 0.879555 -0.0785051 -0.0901199 0.879555 -0.0785051 -0.0901199 1.05148 1.04801 2.71589
1.90675 0.975165 0.671825 344.778 0.695593 -0.000671674 -0.0869139 -265.496 0.695593 -0.000671674 -0.0869139 -265.496 0.939213 1.01685 3.40393 209.39
1.02199 2.03989 0.651478 67.6183 79.0551 26.724 75.5083 -0.104298 0.797939 -0.162133 13.0306 -157.107 -17.9474 -97.0545 -0.104298 0.797939 -0.162133 13.0306 -157.107 -17.9474 -97.0545 0.973146 1.11703 3.29518 13.0956 357.267 15.168 130.665
1.15946 0.617729 2.11269 64.1343 -0.18724 -0.173267 0.74654 -19.2492 -0.18724 -0.173267 0.74654 -19.2492 1.14984 3.1869 1.03346 15.0705
1.21582 2.02472 0.598568 -0.112244 0.946976 -0.0671783 -0.112244 0.946976 -0.0671783 0.992004 1.18685 2.70129
2.03253 1.20343 0.760306 143.671 0.950408 -0.0378491 0.139697 -86.0925 0.950408 -0.0378491 0.139697 -86.0925 1.20078 0.860662 2.91687 52.8348
0.984739 2.05869 0.659312 37.1857 416.967 -0.0516624 0.840819 -0.225437 -44.9642 -273.245 -0.0516624 0.840819 -0.225437 -44.9642 -273.245 0.974402 1.03821 3.12552 56.2121 180.858
1.02778 0.803419 1.95572 -0.101247 -0.14806 0.778187 -0.101247 -0.14806 0.778187 0.943493 2.75695 1.12148
1.1653 2.11142 0.582966 19.6523 -0.156189 0.986319 -0.15403 -13.8801 -0.156189 0.986319 -0.15403 -13.8801 1.16618 1.13792 3.23171 11.9899
1.91251 0.967007 0.666046 0.885941 -0.0549669 -0.0669569 0.885941 -0.0549669 -0.0669569 1.07892 0.93415 3.37414
