400 501 299 0 1200
503 397 300 0 0 0 1200
501 300 399 1200
504 400 296 0 0 0 1200
503 298 399 1200
503 400 297 1200
501 400 299 1200
400 501 299 0 1200
500 400 300 1200
505 300 395 1200
501 399 300 1200
501 299 400 0 0 1200
503 400 297 0 1200
501 400 299 1200
400 500 299 0 0 1 0 0 1200
400 501 299 0 0 0 0 1200
400 499 301 1200
400 500 300 0 0 0 0 0 0 0 0 0 1200
400 500 300 1200
400 499 301 0 0 0 1200
400 499 301 0 1200
400 500 300 0 0 0 0 1200
501 399 300 0 0 0 1200
499 400 301 0 0 0 0 0 1200
400 500 300 0 1200
500 400 300 0 1200
500 400 300 0 1200
500 400 300 1200
500 300 400 1200
300 499 401 1200
301 404 495 1200
400 300 500 1200
300 400 500 1200
400 300 500 0 1200
400 500 300 1200
400 501 299 0 0 1200
400 500 300 1200
400 500 300 0 0 0 0 1200
498 400 302 0 1200
499 400 301 0 1200
504 300 396 1200
503 399 298 0 0 0 1200
400 500 300 0 0 0 0 1200
500 399 301 0 0 0 1200
500 400 300 0 0 1200
400 499 300 1 1200
400 500 300 0 0 0 0 0 1200
500 400 300 1200
499 301 400 0 0 0 1200
499 301 400 0 1200
500 300 400 1200
300 500 400 1200
500 300 400 1200
500 300 400 1200
500 400 300 1200
500 300 400 0 0 1200
501 400 299 0 0 1200
400 499 301 0 0 0 0 0 0 1200
501 399 300 1200
500 400 300 1200
500 400 300 1200
401 499 300 1200
400 500 300 0 1200
501 398 301 0 1200
400 499 301 1200
501 399 300 0 0 1200
500 400 300 1200
500 400 300 1200
502 299 399 1200
500 400 300 1200
500 400 300 0 1200
400 500 300 1200
500 400 300 1200
400 501 299 1200
400 500 300 0 1200
500 400 300 1200
400 500 300 1200
400 500 300 1200
500 400 300 1200
500 400 300 1200
500 400 300 1200
400 500 300 0 1200
501 399 300 0 1200
499 400 301 0 1200
499 400 301 1200
500 400 300 0 0 0 0 1200
500 300 400 0 0 0 0 0 1200
499 301 400 1200
301 499 400 0 0 0 0 0 1200
502 298 400 1200
499 301 400 0 0 0 0 1200
500 400 300 0 1200
400 501 298 0 0 1 1200
400 501 299 0 0 0 1200
503 398 299 1200
501 400 299 1200
400 500 300 1200
400 499 300 1 1200
500 399 300 1 1200
502 300 398 0 1200
