0.433185 1.22612
0.43317 1.22528
0.433189 1.22528
0.433181 1.22528
0.4332 1.22612
0.433185 1.22528
0.433132 1.22279
0.433099 1.21779
0.43311 1.21862
0.433083 1.21862
0.433021 1.21363
0.433006 1.21113
0.433006 1.2103
0.432977 1.20781
0.43293 1.20448
0.432877 1.20033
0.432862 1.19866
0.432843 1.19866
0.432807 1.19285
0.432767 1.19036
0.432788 1.19202
0.432786 1.19202
0.43275 1.18953
0.432701 1.18455
0.432685 1.18289
0.432666 1.1804
0.43263 1.17957
0.432566 1.17542
0.432527 1.17045
0.432558 1.17211
0.432585 1.17459
0.432592 1.17542
0.432587 1.17377
0.4326 1.17625
0.43261 1.17542
0.43258 1.17377
0.432549 1.17128
0.432531 1.1688
0.43248 1.16549
0.432387 1.15805
0.432377 1.15722
0.432295 1.1506
0.432192 1.14233
0.432173 1.14068
0.432101 1.1349
0.432051 1.13076
0.432007 1.12663
0.432004 1.12663
0.431986 1.12416
0.432003 1.12498
0.431981 1.12416
0.431968 1.12333
0.431966 1.12251
0.431972 1.12416
0.431964 1.12086
0.431942 1.12003
0.431896 1.11673
0.431945 1.11756
0.431983 1.12003
0.432005 1.12415
0.432025 1.12415
0.432058 1.12662
0.432056 1.12745
0.432095 1.12992
0.432111 1.13156
0.432158 1.13403
0.432205 1.13815
0.432217 1.13979
0.432142 1.13486
0.43213 1.13157
0.432129 1.13239
0.4321 1.12992
0.432065 1.12746
0.432023 1.12417
0.431978 1.1217
0.431922 1.11513
0.431896 1.11349
0.431933 1.11595
0.431879 1.11185
0.431891 1.11267
0.431861 1.11021
0.431855 1.10939
0.431834 1.10693
0.431822 1.10693
0.431802 1.10365
0.43181 1.10529
0.431772 1.10283
0.431734 1.09873
0.431693 1.09463
0.431681 1.09463
0.431677 1.093
0.431657 1.09218
0.431617 1.0889
0.431557 1.08399
0.431544 1.08235
0.431515 1.08072
0.431449 1.07581
0.431451 1.07335
0.431502 1.07744
0.4315 1.07663
0.431492 1.07663
0.431469 1.07499
0.431458 1.07417
0.431481 1.07581
0.431516 1.07581
0.431549 1.08152
0.431599 1.08397
0.43165 1.08561
0.43168 1.0905
0.431745 1.09377
0.431776 1.09785
0.431817 1.10029
0.431859 1.10356
0.431918 1.10845
0.431923 1.10682
0.431946 1.11008
0.431936 1.11089
0.431905 1.10763
0.431873 1.10438
0.431869 1.10275
0.431839 1.10112
0.431827 1.1003
0.431791 1.09705
0.431721 1.09217
0.431685 1.0881
0.431711 1.08972
0.43167 1.08728
0.431659 1.08566
0.431692 1.08728
0.431682 1.08728
0.431637 1.08403
0.431605 1.07916
0.431578 1.08078
0.431642 1.0816
0.431658 1.08403
0.431745 1.0889
0.431757 1.09215
0.431796 1.0954
0.43179 1.09458
0.431846 1.09702
0.431832 1.09702
0.43179 1.09459
0.431761 1.09134
0.431712 1.0881
0.431648 1.08243
0.43167 1.08405
0.431645 1.08162
0.431649 1.08162
0.431657 1.08243
0.431656 1.08162
0.431627 1.08
0.431745 1.08566
0.431794 1.09052
0.431768 1.08971
0.431772 1.09133
0.431774 1.09052
0.431763 1.08971
0.431767 1.0889
0.431765 1.0889
0.431821 1.09213
0.431827 1.09375
0.431812 1.09213
0.431777 1.08971
0.431741 1.08648
0.43171 1.08406
0.431658 1.08002
0.431653 1.07922
0.431693 1.08164
0.431716 1.08244
0.431739 1.08406
0.431731 1.08406
0.431717 1.08325
0.431704 1.08083
0.431695 1.08003
0.431671 1.07922
0.431631 1.076
0.431663 1.0768
0.431678 1.07841
0.431664 1.07761
0.43167 1.07841
0.431696 1.07922
0.43165 1.076
0.431591 1.07117
0.431555 1.06795
0.431526 1.06634
0.431471 1.06232
0.431442 1.05911
0.431449 1.0575
0.431439 1.0583
0.431425 1.0575
0.431439 1.0567
0.431448 1.05911
0.431446 1.0575
0.431487 1.05991
0.431502 1.06151
0.431552 1.06633
0.431574 1.06794
0.431603 1.06954
0.431599 1.06874
0.431627 1.07195
0.431635 1.07114
0.431672 1.07435
0.431699 1.07676
0.431681 1.07515
0.431662 1.07355
0.431586 1.06874
0.431538 1.06474
0.4315 1.06154
0.431476 1.05753
0.431457 1.05593
0.431398 1.05193
0.431353 1.04793
0.431306 1.04393
0.431278 1.04153
0.431231 1.03673
0.431163 1.03273
0.431178 1.03033
0.431222 1.03593
0.431231 1.03593
0.431232 1.03433
0.431293 1.03912
0.431326 1.04312
0.431318 1.04152
0.431339 1.04471
0.431344 1.04391
0.43129 1.03992
0.431272 1.03833
0.431258 1.03753
0.43125 1.03753
0.431233 1.03673
0.431228 1.03434
0.431165 1.03035
0.431097 1.02398
0.43111 1.02478
0.43111 1.02398
0.431108 1.02478
0.431085 1.02159
0.43108 1.02159
0.431028 1.01761
0.430983 1.01363
0.430942 1.00965
0.430949 1.01044
0.430982 1.00965
0.431037 1.01522
0.431041 1.01681
0.431068 1.01919
0.431003 1.01363
0.431001 1.01283
0.43098 1.01204
0.430997 1.01204
0.430983 1.01124
0.43096 1.00886
0.430996 1.01124
0.431013 1.01204
0.431023 1.01442
0.431036 1.01442
0.431078 1.01759
0.431075 1.01759
0.43105 1.01442
0.430999 1.01125
0.430979 1.00887
0.430984 1.00966
0.430963 1.00728
0.430968 1.00808
0.431015 1.01045
0.430984 1.00808
0.430998 1.00966
0.431011 1.01045
0.431038 1.01204
0.43102 1.00966
0.431034 1.01045
0.431046 1.01283
0.431104 1.01678
0.43111 1.01757
0.431115 1.01678
0.431144 1.01678
0.431223 1.02232
0.431243 1.02706
0.431212 1.02469
0.431185 1.0239
0.431175 1.02153
0.431126 1.01758
0.431107 1.016
0.431143 1.01521
0.431213 1.02153
0.431238 1.02468
0.431288 1.02863
0.431279 1.02784
0.431304 1.0302
0.431296 1.02863
0.43126 1.02784
0.431278 1.02469
0.431246 1.02469
0.431233 1.0239
0.431214 1.02311
0.431185 1.01996
0.431142 1.01602
0.431119 1.01366
0.431096 1.01208
0.431047 1.00894
0.431034 1.00736
0.431021 1.005
0.430988 1.00264
0.431014 1.00421
0.430971 1.00107
0.430903 0.99635
0.430898 0.994778
0.430887 0.993992
0.430894 0.994778
0.430872 0.991635
0.430865 0.991635
0.430859 0.990849
0.430837 0.988494
0.430842 0.987708
0.430861 0.990848
0.430897 0.993203
0.430967 0.997911
0.430981 1.00026
0.431056 1.0034
0.431077 1.00497
0.431053 1.00497
0.431039 1.00262
0.431026 1.00184
0.431042 1.0034
0.431023 1.00027
0.43101 1.00027
0.430971 0.997135
0.430981 0.997135
0.431049 1.00262
0.431043 1.00183
0.431048 1.00262
0.431088 1.00418
0.431164 1.00888
0.431194 1.012
0.431258 1.0167
0.431259 1.01748
0.431258 1.01748
0.431216 1.01435
0.431248 1.0167
0.431207 1.01357
0.431168 1.01045
0.431146 1.00888
0.431143 1.0081
0.431086 1.00342
0.431035 0.999515
0.431004 0.996393
0.430981 0.994052
0.430968 0.993271
0.43092 0.990931
0.430928 0.989371
0.430899 0.987032
0.430889 0.986252
0.430913 0.984693
0.430942 0.989369
0.431003 0.991707
0.431019 0.994823
0.431042 0.99716
0.431073 0.998718
0.431117 1.00105
0.431151 1.00495
0.431145 1.00495
0.431131 1.00339
0.431133 1.00339
0.431146 1.00417
0.431123 1.00261
0.431102 1.00028
0.431089 0.999502
0.431096 0.998725
0.431096 0.999502
0.431126 1.00028
0.431155 1.00261
0.431124 1.00106
0.431149 1.00339
0.43114 1.00339
0.431098 0.998728
0.431067 0.994846
0.431022 0.992518
0.431 0.990966
0.430978 0.988638
0.430969 0.987863
0.430971 0.987087
0.431003 0.988638
0.430977 0.987863
0.430991 0.988638
0.430973 0.986313
0.431 0.988637
0.431017 0.989412
0.431032 0.990187
0.431049 0.991736
0.431059 0.993284
0.431035 0.990962
0.431042 0.990188
0.431027 0.990188
0.431024 0.98864
0.431032 0.989414
0.431082 0.991734
0.431094 0.994828
0.431124 0.995601
0.431124 0.996374
0.43112 0.996374
0.431112 0.994055
0.431121 0.995601
0.431099 0.994056
0.431083 0.993283
0.431078 0.991739
0.431072 0.991739
0.431096 0.993283
0.431113 0.994826
0.431162 0.99637
0.431226 1.001
0.431242 1.00408
0.431277 1.0064
0.431298 1.00871
0.431314 1.00871
0.431301 1.00871
0.43128 1.00717
0.431297 1.00794
0.431274 1.00563
0.431244 1.00255
0.431229 1.00178
0.431197 0.999468
0.431179 0.996389
0.431214 0.999468
0.431249 1.00255
0.431266 1.00255
0.43126 1.00178
0.431282 1.00408
0.431304 1.00639
0.431336 1.00793
0.43135 1.00716
0.431374 1.01023
0.431394 1.01254
0.431388 1.01177
0.431383 1.01177
0.43137 1.01024
0.431332 1.00716
0.431353 1.0087
0.431362 1.00947
0.431344 1.00793
0.431346 1.00716
0.431324 1.00563
0.43132 1.0041
0.431337 1.00563
0.431324 1.00563
0.431303 1.00256
0.431316 1.0041
0.431329 1.00486
0.431346 1.00563
0.431316 1.00333
0.431297 1.00256
0.431352 1.00563
0.431331 1.0041
0.431337 1.0041
0.431352 1.0041
0.4314 1.00792
0.431425 1.01098
0.431427 1.01022
0.431424 1.01022
0.43143 1.01098
0.431437 1.01098
0.431434 1.01098
0.43144 1.01175
0.431404 1.00869
0.431368 1.00563
0.431359 1.00487
0.431383 1.00563
0.431323 1.00182
0.431291 0.998762
0.431265 0.996472
0.431255 0.994182
0.431258 0.994945
0.43126 0.994182
0.431289 0.996471
0.431244 0.994182
0.431223 0.99342
0.43121 0.99037
0.431169 0.98732
0.431121 0.981223
0.431118 0.983509
0.431088 0.979699
0.43111 0.981223
0.431115 0.981985
0.431125 0.981985
0.431126 0.982746
0.431078 0.97894
0.431065 0.976656
0.431101 0.9797
0.431051 0.975896
0.431038 0.974374
0.431016 0.972853
0.431011 0.972853
0.430978 0.969052
0.430957 0.968291
0.430926 0.965251
0.430923 0.964491
0.430887 0.960692
0.430858 0.959933
0.430809 0.956135
0.430774 0.951579
0.430739 0.949301
0.430729 0.947783
0.430684 0.943988
0.430631 0.940194
0.430581 0.934883
0.430536 0.931848
0.430454 0.925022
0.430428 0.921989
0.430417 0.921231
0.430372 0.918199
0.430337 0.914409
0.430316 0.913651
0.430345 0.914409
0.430337 0.912894
0.430342 0.913651
0.430348 0.913651
0.430346 0.913651
0.430398 0.918193
0.430458 0.921221
0.430491 0.924248
0.430473 0.922734
0.430491 0.925004
0.430508 0.927273
0.430589 0.929541
0.430654 0.934078
0.43072 0.940125
0.430741 0.942392
0.430805 0.946171
0.43082 0.949193
0.430845 0.949948
0.430897 0.955235
0.430943 0.959766
0.430969 0.962031
0.431008 0.962786
0.43104 0.966559
0.431069 0.970332
0.431091 0.969578
0.431138 0.971841
0.431212 0.978629
0.431204 0.979383
0.431211 0.980137
0.431212 0.979383
0.431227 0.98089
0.431228 0.98089
0.431234 0.981644
0.431214 0.97863
0.431224 0.98089
0.431193 0.978631
0.431153 0.973361
0.431142 0.971855
0.431141 0.972608
0.431208 0.975618
0.431201 0.97637
0.431212 0.97637
0.43123 0.97637
0.431322 0.981634
0.431344 0.987649
0.431381 0.989904
0.431446 0.99291
0.431524 0.997419
0.431554 1.00343
0.431557 1.00418
0.43161 1.00794
0.431626 1.00944
0.431641 1.01094
0.431638 1.00944
0.431621 1.00794
0.431649 1.01019
0.431695 1.01319
0.43171 1.01544
0.43167 1.01319
0.431716 1.01319
0.431762 1.01619
0.431777 1.01994
0.43177 1.01994
0.431726 1.01619
0.431734 1.01694
0.431753 1.01694
0.431781 1.01769
0.431794 1.01993
0.431756 1.01769
0.431794 1.02068
0.431763 1.01769
0.431753 1.01694
0.431748 1.01619
0.431791 1.01769
0.431824 1.01993
0.431872 1.02517
0.43186 1.02442
0.431847 1.02367
0.431903 1.02741
0.431884 1.02591
0.431883 1.02591
0.431893 1.02591
0.431909 1.02741
0.431912 1.02666
0.431963 1.03114
0.431984 1.03263
0.431965 1.03114
0.431965 1.03189
0.431973 1.0304
0.432003 1.03413
0.432016 1.03413
0.431977 1.03263
0.431946 1.02965
0.431933 1.02816
0.431927 1.02742
0.431899 1.02518
0.431867 1.02145
0.431873 1.0222
0.431902 1.02369
0.431885 1.02369
0.431891 1.02369
0.431911 1.0222
0.431943 1.02592
0.43191 1.02518
0.431879 1.02369
0.431862 1.02071
0.431859 1.01997
0.431845 1.01848
0.431839 1.01848
0.431832 1.017
0.431825 1.017
0.431818 1.01551
0.431791 1.01328
0.431777 1.01254
0.431761 1.01105
0.431779 1.01254
0.431732 1.00957
0.431722 1.00734
0.431694 1.00511
0.431657 1.0014
0.431656 1.0014
0.431673 1.0014
0.431745 1.00511
0.431796 1.0103
0.431857 1.01401
0.431863 1.01698
0.431887 1.01846
0.431876 1.01698
0.43187 1.01698
0.431873 1.01698
0.431869 1.01698
0.431867 1.01698
0.431851 1.01549
0.43186 1.01623
0.431838 1.01327
0.431865 1.01549
0.431899 1.01845
0.431961 1.02215
0.431968 1.02363
0.431946 1.02141
0.431941 1.02215
0.431973 1.02215
0.432009 1.02659
0.432015 1.02733
0.432059 1.02955
0.432074 1.03102
0.432149 1.03398
0.432199 1.03915
0.432219 1.04284
0.432266 1.04653
0.432291 1.04801
0.432286 1.04949
0.432232 1.04432
0.432243 1.04432
0.43224 1.04358
0.432235 1.04358
0.432237 1.04211
0.432209 1.04063
0.432215 1.04063
0.432181 1.03768
0.432143 1.03621
0.432101 1.03179
0.432049 1.02737
0.432042 1.02663
0.43198 1.02148
0.431955 1.01927
0.431912 1.01559
0.431931 1.01706
0.432004 1.02074
0.432025 1.02295
0.432001 1.02221
0.432033 1.02442
0.432014 1.02221
0.432029 1.02368
0.43201 1.02221
0.432005 1.02148
0.432036 1.02221
0.432042 1.02441
0.432057 1.02441
0.43213 1.02809
0.432185 1.03396
0.432203 1.03396
0.432206 1.0369
0.432194 1.03617
0.432187 1.03543
0.432182 1.03397
0.432152 1.03176
0.4321 1.02736
0.432044 1.02369
0.432057 1.02223
0.432077 1.02516
0.432066 1.02516
0.432013 1.02003
0.431972 1.01636
0.431929 1.0127
0.431874 1.0083
0.431819 1.00318
0.431777 1.00025
0.431756 0.997318
0.431747 0.997318
0.431669 0.990729
0.431655 0.989997
0.431625 0.986338
0.431622 0.985607
0.431583 0.98268
0.431647 0.9878
0.431696 0.989994
0.431664 0.989263
0.431685 0.989994
0.431677 0.988532
0.431674 0.989994
0.431666 0.988533
0.431658 0.986341
0.431588 0.983419
0.431554 0.977576
0.431529 0.976846
0.431553 0.978306
0.431547 0.976846
0.431562 0.977576
0.431576 0.979036
0.431572 0.979765
0.431553 0.976847
0.431551 0.976847
0.431553 0.976847
0.431526 0.975389
0.431464 0.971015
0.431509 0.971744
0.431576 0.976845
0.431598 0.97976
0.431573 0.978303
0.431536 0.975389
0.431508 0.972476
0.431502 0.971748
0.431525 0.973932
0.43159 0.976844
0.431632 0.982666
0.431694 0.984849
0.43172 0.988487
0.431716 0.989214
0.431715 0.988487
0.431756 0.991395
0.431777 0.993577
0.431836 0.997938
0.43187 0.999392
0.431912 1.0023
0.431936 1.00521
0.431968 1.00811
0.432007 1.00884
0.43202 1.01102
0.432038 1.01319
0.432061 1.01392
0.43209 1.01537
0.432101 1.01755
0.432092 1.01755
0.432078 1.0161
0.432053 1.01392
0.432017 1.0103
0.432012 1.0103
0.432013 1.00957
0.432051 1.0132
0.432092 1.01392
0.432171 1.01972
0.432179 1.02189
0.432208 1.02551
0.432294 1.02696
0.432319 1.03348
0.432325 1.0342
0.432394 1.03855
0.432446 1.04217
0.432502 1.04506
0.432566 1.04868
0.432596 1.05302
0.432634 1.05664
0.43266 1.05953
0.432724 1.06387
0.432745 1.06604
0.432777 1.0682
0.432789 1.07037
0.432814 1.07254
0.432817 1.07326
0.432808 1.07254
0.432787 1.06965
0.432749 1.06749
0.432721 1.0646
0.432703 1.06243
0.432688 1.06243
0.43265 1.05882
0.432606 1.05522
0.432599 1.05377
0.432597 1.05305
0.4326 1.05449
0.432579 1.05161
0.432576 1.05161
0.432565 1.05161
0.432614 1.05449
0.432704 1.05882
0.432727 1.06242
0.432782 1.06386
0.432808 1.06962
0.432837 1.07106
0.43287 1.07322
0.432901 1.0761
0.432928 1.08042
0.432911 1.07754
0.432911 1.07754
0.432926 1.07826
0.43294 1.07898
0.432911 1.07682
0.432916 1.07754
0.432943 1.0797
0.432915 1.07682
0.432897 1.0761
0.432887 1.07395
0.4329 1.07395
0.432874 1.07323
0.432888 1.07395
0.432917 1.07538
0.432911 1.0761
0.432925 1.0761
0.432946 1.07826
0.432986 1.08113
0.43297 1.08041
0.433011 1.08328
0.433038 1.08686
0.433035 1.08471
0.433041 1.08615
0.43301 1.08256
0.433033 1.08471
0.432978 1.08041
0.432987 1.08041
0.432985 1.08041
0.43299 1.08041
0.433026 1.08399
0.433053 1.08471
0.433056 1.08543
0.433077 1.08686
0.433091 1.08757
0.433135 1.09115
0.433115 1.08972
0.433126 1.09044
0.433122 1.08972
0.433158 1.09258
0.433188 1.09401
0.433192 1.09616
0.433203 1.09473
0.433228 1.09759
0.433231 1.0983
0.433275 1.10187
0.433289 1.10187
0.433291 1.10259
0.433323 1.10402
0.433319 1.10402
0.433366 1.10759
0.433418 1.11044
0.433449 1.11544
0.433487 1.11829
0.4335 1.11972
0.433518 1.12114
0.433533 1.12114
0.433555 1.12257
0.433541 1.12186
0.433575 1.12542
0.433581 1.12471
0.433608 1.12613
0.433593 1.12685
0.433561 1.12328
0.433497 1.11901
0.433438 1.11331
0.433411 1.10975
0.433393 1.10904
0.433381 1.10833
0.433413 1.11046
0.433427 1.11189
0.433396 1.10833
0.433391 1.10833
0.433441 1.11189
0.433468 1.11402
0.43345 1.11189
0.433427 1.11118
0.433408 1.10975
0.433358 1.10549
0.433363 1.10478
0.433325 1.10265
0.433292 1.0991
0.43323 1.09413
0.433222 1.09342
0.433245 1.09484
0.433206 1.09271
0.43315 1.08703
0.433092 1.08135
0.433064 1.07993
0.433056 1.07851
0.433034 1.07709
0.433037 1.07638
0.43306 1.07851
0.433083 1.07993
0.433143 1.08276
0.433187 1.08631
0.433224 1.09127
0.433248 1.09339
0.433203 1.09056
0.433187 1.08844
0.433175 1.08844
0.433155 1.0856
0.433151 1.0856
0.433132 1.08348
0.433143 1.08348
0.433138 1.08348
0.433147 1.0856
0.433129 1.08277
0.433105 1.08136
0.433078 1.07782
0.433054 1.07712
0.433016 1.07287
0.432996 1.07075
0.432993 1.07005
0.432981 1.06934
0.432988 1.06863
0.433002 1.07005
0.433041 1.07358
0.433034 1.07358
0.433079 1.07358
0.433126 1.07852
0.433147 1.08134
0.43316 1.08346
0.433203 1.08699
0.43321 1.08699
0.43323 1.0884
0.433241 1.08981
0.433242 1.08981
0.433263 1.09051
0.433271 1.09192
0.433326 1.09545
0.433365 1.09897
0.433374 1.10038
0.43337 1.09968
0.433382 1.09968
0.433414 1.10179
0.433408 1.10249
0.43344 1.10531
0.433433 1.1039
0.43346 1.10601
0.433453 1.10531
0.433467 1.10601
0.43348 1.10742
0.433484 1.10883
0.433524 1.10953
0.433543 1.11164
0.433546 1.11234
0.43353 1.11164
0.433551 1.11093
0.433579 1.11375
0.43362 1.11515
0.433623 1.11796
0.433587 1.11585
0.433615 1.11656
0.433615 1.11726
0.433622 1.11726
0.433614 1.11726
0.433588 1.11445
0.433588 1.11445
0.433601 1.11656
0.433572 1.11235
0.433575 1.11305
0.433577 1.11375
0.433565 1.11305
0.433581 1.11235
0.433616 1.11445
0.433652 1.11725
0.433693 1.12216
0.433753 1.12706
0.433778 1.12846
0.433808 1.13056
0.433824 1.13126
0.433884 1.13476
0.433909 1.13896
0.4339 1.13896
0.433914 1.13826
0.433926 1.13896
0.433984 1.14526
0.434015 1.14806
0.433959 1.14456
0.433906 1.13967
0.43392 1.13897
0.433945 1.14106
0.433915 1.13967
0.43392 1.13897
0.4339 1.13757
0.433871 1.13547
0.433882 1.13547
0.433884 1.13478
0.433912 1.13827
0.433898 1.13687
0.433887 1.13617
0.433882 1.13478
0.433905 1.13547
0.433917 1.13827
0.433952 1.13896
0.433988 1.14315
0.434036 1.14524
0.434059 1.14873
0.434072 1.14942
0.434096 1.15082
0.434119 1.15291
0.434118 1.1536
0.434143 1.15569
0.434169 1.15639
0.434199 1.15918
0.434219 1.16127
0.434252 1.16475
0.434275 1.16544
0.434278 1.16614
0.434292 1.16684
0.434278 1.16614
0.434267 1.16544
0.434322 1.16753
0.43433 1.16892
0.434311 1.16823
0.434272 1.16545
0.434288 1.16614
0.434256 1.16475
0.434268 1.16406
0.434263 1.16545
0.434265 1.16336
0.434275 1.16406
0.434259 1.16336
0.434269 1.16336
0.434273 1.16406
0.434307 1.16544
0.434311 1.16683
0.434351 1.16753
0.434426 1.17308
0.434478 1.17863
0.434515 1.18348
0.434546 1.18556
0.434586 1.18834
0.434616 1.19111
0.434626 1.1918
0.434622 1.1918
0.434638 1.19388
0.434649 1.19319
0.434658 1.19457
0.434652 1.19457
0.434644 1.19388
0.434665 1.19457
0.434719 1.19804
0.434746 1.2015
0.43474 1.2015
0.434782 1.20496
0.434771 1.20357
0.434759 1.20288
0.434728 1.20081
0.434768 1.2015
0.434775 1.20288
0.434765 1.20288
0.434795 1.20357
0.434809 1.20426
0.434808 1.20426
0.434855 1.20841
0.434933 1.21186
0.434988 1.2167
0.435027 1.21946
0.435029 1.22429
0.43509 1.22637
0.435106 1.22982
0.435146 1.23258
0.435167 1.23465
0.435175 1.23534
0.435269 1.23948
0.435303 1.2443
0.435327 1.24706
0.435339 1.24844
0.435342 1.24913
0.435342 1.24913
0.435321 1.24706
0.435341 1.24775
0.435361 1.25051
0.435376 1.24982
0.435398 1.25326
0.435394 1.25258
0.435382 1.25189
0.435379 1.2512
0.435375 1.2512
0.435387 1.25258
0.435371 1.25258
0.435353 1.24914
0.435325 1.24707
0.435323 1.2457
0.435307 1.2457
0.435276 1.24295
0.435261 1.24157
0.43524 1.2402
0.435183 1.2347
0.435128 1.2292
0.435103 1.22851
0.435067 1.22508
0.435019 1.22027
0.434979 1.21821
0.434914 1.21272
0.434944 1.2134
0.434879 1.20928
0.434823 1.20448
0.434775 1.20105
0.43469 1.1935
0.434644 1.1887
0.43461 1.1839
0.434582 1.1839
0.434554 1.18184
0.434541 1.17978
0.434518 1.17773
0.434511 1.17704
0.434461 1.17361
0.434451 1.17156
0.434441 1.17087
0.434382 1.16608
0.434365 1.16471
0.434375 1.16471
0.434383 1.16539
0.434352 1.16265
0.434365 1.16402
0.434357 1.16197
0.434347 1.16129
0.434331 1.1606
0.434317 1.15923
0.434283 1.15513
0.434294 1.1565
0.434301 1.15718
0.434319 1.15992
0.434333 1.15992
0.434269 1.1565
0.434208 1.15035
0.434193 1.1483
0.434141 1.1442
0.434141 1.14352
0.434118 1.14215
0.43407 1.13806
0.434063 1.13669
0.434019 1.13328
0.434012 1.1326
0.433997 1.13123
0.433957 1.12714
0.433933 1.12646
0.433894 1.12236
0.433866 1.11964
0.433839 1.11759
0.433799 1.1135
0.433768 1.11214
0.433734 1.10873
0.43368 1.10396
0.433645 1.10123
0.433631 1.09919
0.433593 1.09646
0.433537 1.0917
0.433555 1.0917
0.433583 1.09306
0.433642 1.09782
0.433705 1.10191
0.433723 1.10599
0.433744 1.10803
0.433719 1.10599
0.433716 1.10259
0.433754 1.10667
0.433786 1.11075
0.433817 1.11347
0.433813 1.11279
0.433834 1.11415
0.433843 1.11483
0.433858 1.11687
0.43383 1.11415
0.433819 1.11211
0.433805 1.11279
0.433821 1.11211
0.433804 1.11211
0.433799 1.11075
0.433819 1.11143
0.433842 1.11279
0.43383 1.11415
0.433806 1.11008
0.433802 1.11008
0.433787 1.1094
0.433728 1.10397
0.433694 1.10126
0.433684 1.10194
0.43367 1.09855
0.433652 1.09787
0.433613 1.09449
0.433583 1.09042
0.43362 1.09381
0.433619 1.09448
0.433619 1.09313
0.433649 1.09584
0.433678 1.09787
0.433679 1.09855
0.433721 1.10125
0.433747 1.10396
0.433763 1.10531
0.433787 1.10734
0.433816 1.11005
0.433824 1.10802
0.433853 1.11072
0.433833 1.11005
0.433839 1.11072
0.43384 1.11005
0.433877 1.1141
0.43392 1.11681
0.433943 1.12018
0.433946 1.11883
0.43398 1.12221
0.433992 1.12356
0.433965 1.12153
0.433978 1.12221
0.43393 1.11883
0.433932 1.11816
0.433915 1.11681
0.433879 1.11344
0.433832 1.11006
0.433802 1.10602
0.43378 1.10332
0.433769 1.10399
0.43374 1.1013
0.433719 1.09928
0.433702 1.09793
0.43367 1.09456
0.433643 1.09254
0.433604 1.09052
0.433601 1.0885
0.433578 1.08648
0.433598 1.0885
0.433597 1.0885
0.433593 1.08782
0.433548 1.08378
0.433557 1.08311
0.433583 1.08648
0.433577 1.08513
0.433567 1.08513
0.433596 1.0858
0.433628 1.08715
0.433654 1.09118
0.433684 1.09185
0.433695 1.09387
0.433675 1.09454
0.433684 1.09387
0.433692 1.09589
0.433689 1.09521
0.433672 1.09253
0.433679 1.09186
0.433678 1.0932
0.43369 1.09253
0.433718 1.09655
0.433746 1.09857
0.433748 1.09924
0.433724 1.09656
0.433759 1.0979
0.433786 1.09991
0.433794 1.10058
0.433805 1.10259
0.433835 1.1046
0.43384 1.10527
0.433853 1.10594
0.433909 1.1113
0.433911 1.1113
0.43394 1.11331
0.433999 1.11666
0.433996 1.11733
0.433984 1.11599
0.434003 1.11733
0.434005 1.11867
0.434046 1.12001
0.434054 1.12135
0.434075 1.12269
0.4341 1.12536
0.434141 1.12804
0.434146 1.12871
0.434159 1.12938
0.43417 1.13071
0.434216 1.13339
0.434258 1.13606
0.434268 1.1374
0.434274 1.1394
0.434312 1.14141
0.434337 1.14408
0.434392 1.14742
0.434438 1.15276
0.434469 1.1561
0.434511 1.15877
0.434561 1.16077
0.434609 1.16344
0.434656 1.16878
0.434686 1.17278
0.434738 1.17545
0.434722 1.17679
0.434752 1.17812
0.434745 1.17745
0.434786 1.18079
0.434776 1.18079
0.434761 1.18012
0.434758 1.17812
0.43474 1.17879
0.434767 1.17879
0.434777 1.17945
0.434795 1.18012
0.434795 1.18278
0.434813 1.18345
0.434836 1.18411
0.434761 1.17945
0.43473 1.17613
0.434689 1.17213
0.434713 1.17413
0.434715 1.17413
0.434727 1.1748
0.4347 1.17347
0.434681 1.17147
0.434738 1.1728
0.434788 1.17878
0.434795 1.18078
0.434805 1.18078
0.434815 1.18211
0.4348 1.18211
0.434792 1.18011
0.434823 1.18011
0.434842 1.18343
0.43487 1.18609
0.434893 1.18808
0.434939 1.19007
0.434915 1.19007
0.434929 1.19007
0.434919 1.19007
0.434893 1.18742
0.434873 1.18742
0.434823 1.18278
0.4348 1.18012
0.434816 1.18079
0.434771 1.17747
0.434759 1.17615
0.434797 1.17814
0.434848 1.18277
0.434865 1.1841
0.434841 1.18277
0.434866 1.18476
0.434866 1.1841
0.434892 1.18608
0.43491 1.18675
0.434917 1.18873
0.434926 1.18939
0.434876 1.18476
0.434838 1.18145
0.434831 1.18145
0.434814 1.17815
0.434761 1.1755
0.434699 1.17021
0.43466 1.16691
0.43463 1.16294
0.434615 1.16162
0.43458 1.15897
0.434546 1.15633
0.434527 1.15435
0.434486 1.15105
0.434447 1.14774
0.434411 1.14444
0.434372 1.14114
0.434309 1.13586
0.434295 1.13388
0.434289 1.13388
0.43432 1.13718
0.43428 1.13322
0.434243 1.12926
0.434205 1.12728
0.43418 1.1253
0.434159 1.12201
0.434126 1.11871
0.434116 1.11871
0.434099 1.11673
0.434082 1.11542
0.434065 1.11344
0.43405 1.11212
0.433999 1.10949
0.434001 1.10817
0.433993 1.10685
0.43399 1.10619
0.434022 1.10685
0.434021 1.10817
0.434066 1.1108
0.434093 1.11343
0.434152 1.1187
0.434186 1.12264
0.434283 1.12659
0.434357 1.13119
0.434426 1.13777
0.434441 1.14303
0.434484 1.14369
0.434504 1.14763
0.434524 1.1496
0.434528 1.15092
0.434562 1.15223
0.434557 1.1542
0.434574 1.15486
0.434548 1.15289
0.434517 1.15026
0.434576 1.15223
0.434621 1.15551
0.434627 1.15748
0.434671 1.16142
0.434666 1.16208
0.434687 1.16208
0.434714 1.16339
0.434728 1.16667
0.434696 1.16404
0.434703 1.1647
0.434686 1.16339
0.434658 1.16077
0.434648 1.15946
0.434635 1.15749
0.434631 1.15815
0.4346 1.15421
0.434602 1.15552
0.434592 1.15422
0.434574 1.15291
0.434506 1.14832
0.434453 1.14374
0.434458 1.14243
0.434483 1.14374
0.434444 1.14112
0.434391 1.1372
0.434376 1.13523
0.434397 1.13654
0.43443 1.13916
0.434439 1.13916
0.434438 1.14047
0.434438 1.13981
0.434449 1.13981
0.434484 1.14373
0.434513 1.14569
0.43455 1.147
0.434551 1.14765
0.434578 1.15027
0.434578 1.15157
0.434556 1.14961
0.434561 1.14961
0.434581 1.15092
0.434576 1.14961
0.434564 1.15027
0.434612 1.15288
0.434647 1.15614
0.434633 1.15549
0.43463 1.15483
0.434596 1.15157
0.434585 1.15157
0.434593 1.15157
0.434597 1.15092
0.434619 1.15418
0.434632 1.15483
0.434614 1.15288
0.434602 1.15222
0.434576 1.14962
0.434572 1.15027
0.434569 1.14897
0.43458 1.14962
0.434593 1.15092
0.434613 1.15222
0.434597 1.15027
0.434596 1.15092
0.434591 1.14897
0.43459 1.15027
0.434597 1.14962
0.434634 1.15092
0.43462 1.15287
0.434645 1.15352
0.434642 1.15352
0.434661 1.15482
0.43466 1.15482
0.434677 1.15742
0.434653 1.15417
0.434627 1.15287
0.434588 1.14963
0.434595 1.14963
0.434566 1.14638
0.434576 1.14768
0.434575 1.14768
0.434578 1.14638
0.43457 1.14638
0.434546 1.14508
0.434499 1.14054
0.43445 1.13665
0.434389 1.13146
0.434355 1.12887
0.434338 1.12563
0.434335 1.12692
0.434329 1.12368
0.434291 1.12238
0.43429 1.12238
0.434266 1.12109
0.434221 1.1172
0.434185 1.11396
0.434139 1.10878
0.434161 1.10943
0.434186 1.11137
0.434217 1.11526
0.434202 1.11461
0.434173 1.11137
0.434102 1.10684
0.434059 1.10167
0.434008 1.09714
0.433956 1.09326
0.433933 1.09067
0.433903 1.08809
0.433869 1.08485
0.433825 1.08227
0.433783 1.07774
0.433754 1.07451
0.433735 1.07322
0.433697 1.07064
0.433664 1.06676
0.43366 1.06676
0.433628 1.06418
0.433569 1.05966
0.433545 1.05643
0.433515 1.05449
0.433507 1.05256
0.433511 1.0532
0.433507 1.05191
0.433531 1.0532
0.433528 1.0532
0.433532 1.05385
0.433545 1.05449
0.433534 1.05449
0.433539 1.05449
0.433539 1.05514
0.433547 1.05514
0.433546 1.05514
0.433577 1.05514
0.433561 1.05578
0.433555 1.05642
0.433556 1.05514
0.433531 1.0532
0.433517 1.05127
0.433506 1.05063
0.433519 1.05192
0.433528 1.05192
0.433529 1.05192
0.433548 1.05513
0.433524 1.05127
0.433517 1.05127
0.433506 1.05063
0.433493 1.04934
0.433434 1.0442
0.433383 1.0397
0.433358 1.03649
0.433352 1.03649
0.4333 1.03263
0.433249 1.02749
0.43319 1.02299
0.433128 1.01786
0.433088 1.014
0.433055 1.01143
0.433047 1.00887
0.43302 1.00694
0.433036 1.00822
0.433033 1.00822
0.433024 1.00694
0.432997 1.00502
0.432979 1.00373
0.432935 0.999243
0.432906 0.996677
0.432904 0.996677
0.432899 0.996036
0.432842 0.990908
0.43282 0.988985
0.432795 0.986421
0.432789 0.985781
0.432814 0.987062
0.432823 0.987703
0.432808 0.987703
0.43282 0.988343
0.432837 0.988983
0.432827 0.988343
0.432826 0.988343
0.432862 0.990903
0.432896 0.992823
0.432889 0.992823
0.432895 0.994103
0.432867 0.990904
0.432834 0.988986
0.432815 0.987067
0.432781 0.984509
0.432748 0.981313
0.432741 0.979395
0.432759 0.980673
0.432773 0.98259
0.432798 0.983229
0.432792 0.983868
0.432808 0.984507
0.432791 0.982591
0.432755 0.980675
0.432721 0.978121
0.432721 0.976206
0.432716 0.976844
0.432715 0.976206
0.432757 0.97812
0.43276 0.979396
0.432751 0.97812
0.432761 0.979396
0.432772 0.980672
0.432757 0.979396
0.432753 0.978759
0.432752 0.978759
0.432755 0.978759
0.432772 0.979396
0.432782 0.980671
0.432787 0.981308
0.43277 0.979397
0.432789 0.981308
0.432812 0.982581
0.432792 0.981308
0.432756 0.978124
0.432712 0.974304
0.432674 0.970484
0.432686 0.971757
0.432714 0.973667
0.432727 0.974303
0.432746 0.976212
0.43278 0.979392
0.432788 0.980664
0.432773 0.978121
0.43276 0.977485
0.432791 0.978756
0.432776 0.978756
0.432781 0.978756
0.432834 0.981934
0.432819 0.981934
0.432823 0.981299
0.432806 0.980028
0.432799 0.979393
0.432816 0.980028
0.432849 0.983838
0.432942 0.991456
0.43301 0.995264
0.433044 0.997803
0.433057 1.00034
0.433085 1.00161
0.433131 1.00542
0.433199 1.01176
0.433202 1.01303
0.433207 1.01303
0.43319 1.01176
0.433165 1.00922
0.433162 1.00922
0.433157 1.00796
0.433161 1.00859
0.433167 1.00859
0.433167 1.00922
0.433151 1.00796
0.433162 1.00859
0.433204 1.01049
0.433214 1.01239
0.433215 1.01239
0.433254 1.01555
0.433261 1.01619
0.433321 1.01872
0.43336 1.02441
0.433402 1.02758
0.43341 1.02884
0.433418 1.02947
0.433435 1.03074
0.433422 1.02947
0.433471 1.02884
0.433511 1.03516
0.433562 1.03959
0.433582 1.04148
0.433615 1.04464
0.433618 1.04527
0.433617 1.04527
0.433596 1.04338
0.433569 1.04148
0.433526 1.03706
0.433497 1.03454
0.433466 1.03328
0.43346 1.03138
0.433431 1.02886
0.433435 1.02949
0.433429 1.02633
0.433456 1.03075
0.433468 1.03138
0.433479 1.03075
0.43349 1.03264
0.433522 1.03453
0.43355 1.03832
0.433604 1.04147
0.433633 1.04525
0.433658 1.04714
0.433622 1.04462
0.433598 1.0421
0.433594 1.04147
0.433638 1.04336
0.433644 1.04525
0.433686 1.04839
0.433712 1.05091
0.433776 1.05595
0.433782 1.05595
0.433777 1.05658
0.433794 1.05721
0.433787 1.05721
0.433804 1.05783
0.433804 1.05846
0.433787 1.05658
0.43377 1.05532
0.433809 1.05783
0.433852 1.06035
0.433877 1.06286
0.433875 1.06412
0.433885 1.06412
0.433882 1.06475
0.433864 1.06223
0.433859 1.06223
0.433863 1.06161
0.433853 1.06098
0.433842 1.06035
0.433838 1.05972
0.433835 1.05847
0.433861 1.05972
0.433871 1.06223
0.433876 1.06223
0.433863 1.06098
0.433853 1.05972
0.433846 1.05972
0.433854 1.06035
0.43385 1.05972
0.433843 1.05972
0.433861 1.06098
0.433857 1.06035
0.433846 1.0591
0.433836 1.05847
0.433805 1.05597
0.433795 1.05471
0.43382 1.05534
0.433805 1.05534
0.433777 1.05284
0.433754 1.05096
0.433749 1.05033
0.433736 1.04845
0.433723 1.04783
0.433717 1.0472
0.433663 1.0422
0.433669 1.04282
0.433681 1.04345
0.433659 1.04282
0.433675 1.04282
0.433634 1.0397
0.433671 1.04157
0.433704 1.0447
0.433726 1.04532
0.433746 1.04845
0.433748 1.04845
0.433726 1.04657
0.433724 1.04595
0.433685 1.04283
0.433661 1.04095
0.433704 1.04283
0.433714 1.04532
0.433723 1.04595
0.433725 1.04532
0.433747 1.0472
0.433739 1.04782
0.433723 1.04532
0.43371 1.0447
0.433708 1.04345
0.433683 1.04158
0.433641 1.03784
0.433643 1.03847
0.433665 1.03971
0.43367 1.04034
0.433668 1.04096
0.433627 1.0366
0.433564 1.03099
0.433522 1.02725
0.433481 1.02414
0.433462 1.02103
0.433473 1.02227
0.433469 1.02227
0.433442 1.02165
0.43345 1.0204
0.433415 1.01729
0.433367 1.01356
0.433337 1.01045
0.433331 1.00858
0.433317 1.00921
0.433303 1.00672
0.433293 1.00548
0.433296 1.00734
0.4333 1.00548
0.433301 1.00548
0.433301 1.00672
0.433307 1.0061
0.433327 1.00734
0.433344 1.0092
0.433349 1.00982
0.433366 1.01107
0.43337 1.01045
0.433384 1.01169
0.433376 1.01169
0.433392 1.01293
0.433361 1.01045
0.433369 1.01045
0.433365 1.01107
0.433385 1.01231
0.433421 1.01417
0.433427 1.01541
0.433402 1.01355
0.433384 1.01231
0.43337 1.01045
0.433356 1.00983
0.433348 1.00735
0.433368 1.00797
0.433395 1.01045
0.43344 1.01602
0.433461 1.01602
0.433447 1.01726
0.433422 1.01417
0.43338 1.01045
0.433331 1.00612
0.433282 1.00178
0.433224 0.997452
0.43321 0.994977
0.433209 0.994358
0.433199 0.993739
0.433184 0.991883
0.433169 0.990647
0.433134 0.988791
0.433133 0.986936
0.4331 0.985082
0.433062 0.981373
0.433045 0.980137
0.43302 0.977665
0.433038 0.977047
0.433058 0.9789
0.43307 0.980753
0.433076 0.980136
0.433067 0.981371
0.433057 0.981371
0.433057 0.980136
0.433026 0.977667
0.433023 0.97705
0.433003 0.974581
0.43299 0.973964
0.432959 0.971496
0.432925 0.967795
0.432893 0.965327
0.432897 0.964094
0.432894 0.96471
0.432891 0.964094
0.432927 0.967176
0.432883 0.964711
0.432873 0.963478
0.432844 0.960397
0.432848 0.959781
0.432821 0.959781
0.43282 0.957933
0.432757 0.952389
0.432778 0.954237
0.432735 0.949926
0.432687 0.945617
0.432684 0.945617
0.432636 0.941308
0.432611 0.939462
0.432614 0.938846
0.432599 0.937616
0.432608 0.937616
0.432593 0.936386
0.432626 0.938231
0.432652 0.94192
0.432638 0.941306
0.432615 0.939461
0.432615 0.937002
0.432626 0.938232
0.432635 0.940075
0.432635 0.940075
0.432627 0.938847
0.432636 0.940689
0.43259 0.935776
0.432548 0.932091
0.432507 0.928407
0.432456 0.923495
0.432484 0.924723
0.432539 0.928406
0.43255 0.930861
0.432549 0.930861
0.43252 0.929633
0.432505 0.925339
0.432486 0.924726
0.43247 0.924112
0.432451 0.92166
0.432414 0.918594
0.432418 0.918594
0.432422 0.919207
0.432429 0.919207
0.432442 0.918594
0.432447 0.921045
0.432433 0.91982
0.432439 0.91982
0.432451 0.921045
0.432476 0.922269
0.432493 0.923494
0.43249 0.924106
0.432497 0.924106
0.432487 0.922882
0.432494 0.924106
0.432529 0.925942
0.432532 0.927166
0.43256 0.928389
0.432552 0.929001
0.432566 0.929612
0.432551 0.928389
0.432528 0.925944
0.432561 0.926555
0.432571 0.930223
0.432563 0.929
0.432519 0.925334
0.43249 0.922278
0.432498 0.922278
0.432452 0.919224
0.432436 0.917392
0.432408 0.915559
0.432377 0.912506
0.432347 0.909453
0.432317 0.906401
0.432282 0.90396
0.432274 0.902129
0.43225 0.900908
0.432233 0.897857
0.432235 0.898467
0.432227 0.899077
0.432203 0.895418
0.432171 0.892979
0.432138 0.88993
0.432099 0.886272
0.432074 0.884443
0.432019 0.879567
0.431982 0.87591
0.431994 0.87652
0.431961 0.873473
0.431972 0.874083
0.431991 0.875301
0.432019 0.877128
0.432022 0.878955
0.432055 0.880781
0.432047 0.880173
0.432054 0.880781
0.432015 0.878347
0.432022 0.877738
0.432048 0.880172
0.432044 0.880172
0.432062 0.88078
0.43206 0.88078
0.432041 0.878348
0.432076 0.881388
0.432117 0.881996
0.432148 0.888075
0.432179 0.889291
0.432246 0.893545
0.43225 0.895976
0.43225 0.895368
0.432301 0.899013
0.432312 0.900836
0.432325 0.902658
0.432313 0.902658
0.432314 0.901443
0.432354 0.904479
0.432388 0.906907
0.432391 0.908121
0.43239 0.907514
0.432379 0.906907
0.43235 0.903874
0.432355 0.903874
0.432339 0.902661
0.432302 0.899022
0.432288 0.897203
0.432287 0.897809
0.432252 0.895384
0.432215 0.891141
0.432192 0.889322
0.432189 0.888716
0.432172 0.886899
0.432141 0.885081
0.432141 0.88387
0.432113 0.882658
0.43209 0.87963
0.432078 0.878419
0.432085 0.877208
0.432083 0.879024
0.432066 0.877208
0.432084 0.878419
0.432061 0.876603
0.432092 0.877813
0.432052 0.876603
0.432041 0.872369
0.432056 0.875393
0.432047 0.874184
0.432031 0.872974
0.432063 0.875393
0.432066 0.874788
0.432079 0.875997
0.432102 0.878415
0.432133 0.880832
0.432164 0.883853
0.432178 0.883249
0.432219 0.888081
0.432251 0.889289
0.43226 0.8911
0.432287 0.892912
0.432303 0.894723
0.4323 0.895327
0.432297 0.894723
0.432275 0.892309
0.432244 0.889895
0.432249 0.890499
0.432239 0.888689
0.432262 0.890499
0.432246 0.889292
0.432226 0.88688
0.432212 0.88688
0.432212 0.886277
0.432198 0.885072
0.432195 0.883866
0.432221 0.886277
0.432214 0.885674
0.432215 0.885072
0.432207 0.883867
0.432206 0.883867
0.432194 0.883265
0.432213 0.885071
0.432207 0.884469
0.432197 0.883867
0.432207 0.883867
0.432243 0.886877
0.432264 0.887478
0.432302 0.891089
0.432347 0.8953
0.432358 0.895901
0.432364 0.897104
0.432368 0.897104
0.432364 0.8953
0.432409 0.90011
0.432425 0.901313
0.432453 0.903116
0.432495 0.90552
0.432512 0.907322
0.432551 0.910928
0.432575 0.912129
0.43259 0.915132
0.432603 0.915733
0.432597 0.915733
0.432605 0.915733
0.432615 0.916934
0.432623 0.918134
0.432637 0.919335
0.432639 0.919335
0.432647 0.919935
0.432658 0.919335
0.432665 0.920535
0.432707 0.923534
0.432719 0.925333
0.432752 0.927132
0.432762 0.928931
0.432768 0.928931
0.432774 0.929531
0.432766 0.929531
0.432762 0.928931
0.432765 0.928332
0.432753 0.927134
0.43278 0.928332
0.432791 0.930728
0.432809 0.931327
0.432832 0.934321
0.432907 0.938512
0.432901 0.939111
0.432917 0.940907
0.432903 0.93971
0.432899 0.93971
0.432869 0.937915
0.432852 0.934923
0.432843 0.934325
0.432813 0.931932
0.432796 0.930138
0.432755 0.927148
0.432737 0.924756
0.432743 0.924756
0.432749 0.925354
0.432753 0.925952
0.432744 0.924757
0.432721 0.922964
0.432725 0.922367
0.432727 0.921769
0.432751 0.924756
0.43279 0.92595
0.432827 0.931325
0.432899 0.933713
0.432929 0.937295
0.432928 0.939682
0.432942 0.939086
0.433003 0.942666
0.433024 0.948036
0.433078 0.951019
0.433109 0.954002
0.433137 0.955792
0.433165 0.956388
0.4332 0.960562
0.433222 0.964139
0.433265 0.967716
0.43329 0.968909
0.433309 0.970101
0.433334 0.974272
0.433343 0.974868
0.433355 0.974272
0.433367 0.976059
0.433385 0.97725
0.43338 0.976059
0.433409 0.979037
0.4334 0.979632
0.433398 0.979037
0.433375 0.976656
0.433378 0.976061
0.433383 0.976656
0.433386 0.977251
0.433336 0.973086
0.433329 0.972491
0.433313 0.969517
0.43332 0.970707
0.43331 0.970707
0.433314 0.970707
0.433293 0.968329
0.433283 0.96714
0.43327 0.966546
0.433276 0.965951
0.433264 0.965951
0.433273 0.966546
0.433299 0.966546
0.433308 0.968327
0.433339 0.971297
0.433379 0.973672
0.43341 0.976641
0.433424 0.979015
0.433442 0.980796
0.433439 0.980796
0.433438 0.979016
0.433447 0.979609
0.433438 0.979609
0.433447 0.980796
0.433457 0.981389
0.433436 0.97961
0.433447 0.97961
0.433455 0.980202
0.433475 0.981981
0.433475 0.981981
0.433482 0.981981
0.433487 0.983166
0.433457 0.979611
0.433476 0.981981
0.433473 0.981388
0.433446 0.979611
0.433486 0.980796
0.433506 0.983757
0.43351 0.984349
0.433522 0.984941
0.433567 0.989084
0.433572 0.989084
0.433589 0.989676
0.433624 0.991451
0.433649 0.995593
0.433663 0.997367
0.433658 0.996776
0.433662 0.996776
0.433668 0.997367
0.433683 0.997367
0.433713 1.00032
0.433742 1.00269
0.433759 1.00446
0.433784 1.00623
0.433803 1.00919
0.433787 1.00742
0.433776 1.00564
0.43378 1.00623
0.433769 1.00564
0.433753 1.00328
0.433746 1.00328
0.433768 1.00446
0.433758 1.00446
0.433757 1.00328
0.433766 1.00446
0.433778 1.00564
0.433744 1.00387
0.433739 1.00151
0.433727 1.00092
0.433716 0.999743
0.433715 0.999153
0.433721 0.999743
0.43373 1.00092
0.433753 1.00269
0.433799 1.00387
0.433833 1.00858
0.433874 1.01271
0.433872 1.01271
0.433872 1.01271
0.43386 1.01153
0.433822 1.00917
0.433819 1.00741
0.43382 1.008
0.433822 1.008
0.433826 1.00682
0.433845 1.00917
0.433869 1.00917
0.433882 1.01212
0.433915 1.01447
0.433947 1.01741
0.433948 1.018
0.433929 1.01623
0.433899 1.01447
0.433914 1.01506
0.433919 1.01506
0.433921 1.01447
0.433937 1.01682
0.433947 1.01741
0.433976 1.01858
0.433991 1.02152
0.433988 1.02093
0.434003 1.02152
0.434051 1.02563
0.434069 1.0274
0.434109 1.03033
0.434159 1.03385
0.434155 1.03444
0.434195 1.0362
0.434254 1.0409
0.434255 1.04324
0.434239 1.04148
0.434247 1.04148
0.434237 1.04207
0.434226 1.04148
0.434239 1.04031
0.43422 1.03972
0.434195 1.03738
0.434251 1.04148
0.43428 1.04441
0.434277 1.04441
0.434307 1.04676
0.434305 1.04617
0.434284 1.04559
0.434269 1.04383
0.434262 1.04266
0.434258 1.04324
0.434263 1.0409
0.434295 1.045
0.434348 1.0491
0.434376 1.05085
0.434387 1.05319
0.434422 1.05495
0.434453 1.05846
0.434519 1.0608
0.434534 1.06548
0.434531 1.06548
0.434535 1.06607
0.434531 1.06665
0.434511 1.06314
0.434514 1.06373
0.434538 1.0649
0.434568 1.06723
0.434598 1.07074
0.434622 1.07249
0.434641 1.07483
0.434639 1.07425
0.434652 1.07483
0.434674 1.076
0.434696 1.07892
0.434726 1.08184
0.434761 1.08359
0.434769 1.08476
0.43479 1.08592
0.4348 1.08709
0.434791 1.08709
0.434794 1.08709
0.434817 1.08651
0.434833 1.09001
0.43484 1.09059
0.434804 1.08826
0.434816 1.08826
0.434784 1.08709
0.434765 1.08534
0.434732 1.08126
0.434694 1.07893
0.434649 1.07485
0.434664 1.07427
0.43464 1.07252
0.434607 1.07019
0.434578 1.06728
0.434583 1.06786
0.434573 1.0667
0.43456 1.06553
0.434542 1.06379
0.43452 1.06146
0.434512 1.06088
0.43446 1.0568
0.434442 1.05389
0.434446 1.05389
0.434459 1.05506
0.434432 1.05448
0.434396 1.0504
0.434399 1.0504
0.43438 1.04866
0.434402 1.0504
0.434403 1.04982
0.434374 1.04808
0.434351 1.04575
0.434372 1.04692
0.434367 1.0475
0.434377 1.0475
0.434365 1.04634
0.434382 1.0475
0.43438 1.0475
0.434355 1.04517
0.434349 1.04459
0.434298 1.04053
0.434302 1.03995
0.43431 1.03937
0.434336 1.04227
0.434346 1.04285
0.434352 1.04401
0.434355 1.04459
0.434346 1.04343
0.434368 1.04459
0.434364 1.04517
0.434391 1.04575
0.434421 1.04865
0.434427 1.05039
0.4344 1.04923
0.43439 1.04749
0.434372 1.04575
0.434377 1.04575
0.434402 1.04749
0.434443 1.05039
0.434447 1.05097
0.434437 1.05039
0.434448 1.05155
0.434458 1.0527
0.434447 1.05155
0.434432 1.05039
0.43447 1.0527
0.434501 1.05386
0.434509 1.05617
0.434548 1.05849
0.434576 1.06196
0.434606 1.06369
0.434635 1.06601
0.43466 1.06948
0.43468 1.07005
0.434696 1.07179
0.434712 1.0741
0.434726 1.07468
0.434708 1.07352
0.434695 1.07237
0.434695 1.07237
0.434662 1.06948
0.434649 1.06832
0.434656 1.06832
0.434663 1.06948
0.434622 1.06601
0.434564 1.06082
0.434554 1.05966
0.434551 1.05909
0.434532 1.05736
0.434513 1.05447
0.434476 1.05274
0.434481 1.05159
0.434482 1.05216
0.434475 1.05274
0.434467 1.05101
0.43444 1.04813
0.434463 1.04986
0.434471 1.05043
0.434473 1.04986
0.434498 1.05331
0.434529 1.05331
0.43458 1.05735
0.434589 1.0608
0.434606 1.06253
0.434606 1.06253
0.43459 1.06138
0.434594 1.0608
0.434591 1.0608
0.434616 1.06311
0.434598 1.06138
0.434559 1.0585
0.434528 1.05505
0.434547 1.05563
0.434611 1.05965
0.434602 1.06138
0.434597 1.0608
0.4346 1.0608
0.434609 1.0608
0.434625 1.0631
0.434659 1.0654
0.434658 1.06655
0.434635 1.06368
0.434623 1.0631
0.434591 1.05966
0.434564 1.05793
0.434526 1.05449
0.434475 1.04989
0.434434 1.04587
0.434399 1.043
0.43439 1.04242
0.434396 1.0407
0.434398 1.04128
0.43442 1.04357
0.434445 1.04529
0.434442 1.04529
0.434481 1.04701
0.434496 1.04988
0.434491 1.04874
0.434476 1.04816
0.434491 1.04816
0.434481 1.04874
0.434469 1.04702
0.434453 1.04587
0.434424 1.043
0.434467 1.0453
0.434476 1.04702
0.434493 1.04759
0.434511 1.04988
0.434524 1.05103
0.43453 1.0516
0.434534 1.0516
0.434531 1.05332
0.434511 1.04988
0.434504 1.04931
0.434528 1.0516
0.434502 1.04931
0.434486 1.04759
0.434478 1.04702
0.434489 1.04759
0.434504 1.04874
0.434475 1.04645
0.434464 1.0453
0.434458 1.04473
0.434437 1.04359
0.434407 1.04016
0.434384 1.03844
0.434368 1.03616
0.434369 1.03673
0.434354 1.03501
0.43434 1.03501
0.434356 1.03501
0.434352 1.03444
0.434347 1.03387
0.434332 1.03273
0.434315 1.03101
0.434323 1.03044
0.434316 1.03044
0.434314 1.02987
0.434322 1.03158
0.434351 1.0333
0.434374 1.03558
0.434403 1.03672
0.434421 1.03957
0.434437 1.04129
0.434442 1.04129
0.434449 1.04186
0.434442 1.04072
0.434461 1.04414
0.434438 1.04129
0.434424 1.03958
0.434391 1.03787
0.434394 1.03616
0.434373 1.03445
0.434374 1.03445
0.434386 1.03502
0.434393 1.03559
0.434391 1.03559
0.434386 1.03559
0.434383 1.03502
0.43441 1.03729
0.434411 1.03786
0.434432 1.03843
0.434422 1.03843
0.434405 1.03616
0.434411 1.03729
0.43441 1.03672
0.4344 1.03616
0.434397 1.03559
0.434386 1.03502
0.434406 1.03616
0.434392 1.03502
0.434404 1.03616
0.434401 1.03559
0.434366 1.03331
0.434341 1.0299
0.434333 1.02933
0.434332 1.02933
0.434298 1.02593
0.434284 1.02422
0.434288 1.02479
0.434284 1.02479
0.4343 1.02593
0.434283 1.02422
0.434283 1.02365
0.434287 1.02365
0.434284 1.02365
0.434257 1.02195
0.434231 1.01911
0.434231 1.01798
0.43424 1.01911
0.434281 1.02365
0.434294 1.02365
0.434287 1.02422
0.434297 1.02422
0.434248 1.02138
0.434252 1.02025
0.43423 1.01798
0.434225 1.01742
0.434228 1.01798
0.434217 1.01685
0.434203 1.01572
0.434226 1.01742
0.43427 1.02138
0.434322 1.02591
0.434373 1.02931
0.43441 1.03158
0.434425 1.03327
0.434434 1.03554
0.434444 1.03667
0.434476 1.0378
0.434492 1.0395
0.434504 1.04176
0.434516 1.04176
0.434517 1.04176
0.434552 1.04516
0.434598 1.04799
0.434618 1.05081
0.434605 1.05025
0.434619 1.05025
0.43464 1.05251
0.43462 1.05081
0.434619 1.05025
0.434606 1.05025
0.434582 1.04686
0.434557 1.04573
0.434542 1.04403
0.434517 1.04177
0.434518 1.04234
0.434478 1.03839
0.434485 1.03839
0.434484 1.03839
0.434468 1.03726
0.434492 1.03839
0.434522 1.04008
0.434544 1.04234
0.434561 1.04459
0.434567 1.04572
0.434579 1.04516
0.434553 1.04403
0.434579 1.04628
0.434591 1.04572
0.434622 1.04741
0.434654 1.05249
0.434669 1.05305
0.434665 1.05192
0.434699 1.0553
0.434722 1.05756
0.434738 1.05925
0.43476 1.0615
0.434776 1.06207
0.434777 1.06319
0.434747 1.06038
0.434716 1.05756
0.434681 1.05475
0.434637 1.05137
0.434588 1.04686
0.434597 1.0463
0.434547 1.04236
0.434497 1.03786
0.43446 1.03392
0.434424 1.03055
0.434414 1.02998
0.43439 1.02773
0.434366 1.02548
0.434335 1.02267
0.434279 1.01761
0.434241 1.01424
0.434244 1.01368
0.43424 1.01424
0.434229 1.01368
0.434203 1.01031
0.434212 1.01143
0.434196 1.00974
0.434195 1.00974
0.434175 1.0075
0.434168 1.00694
0.434148 1.00469
0.434127 1.00301
0.434065 0.997392
0.434054 0.996269
0.434024 0.992902
0.433982 0.990096
0.433965 0.988412
0.433928 0.985046
0.433873 0.979997
0.433855 0.978314
0.433812 0.973827
0.433782 0.971584
0.433726 0.966538
0.433708 0.964295
0.433695 0.963734
0.433675 0.961492
0.433657 0.959811
0.43364 0.95813
0.433647 0.95869
0.433635 0.957009
0.433643 0.957569
0.433638 0.957009
0.43364 0.957569
0.433616 0.955329
0.433592 0.95365
0.433578 0.95141
0.433572 0.95085
0.433565 0.95085
0.433555 0.949171
0.433533 0.947492
0.433555 0.947492
0.433572 0.950849
0.433559 0.949171
0.433579 0.95029
0.433591 0.95029
0.433633 0.954204
0.433653 0.955882
0.433676 0.959236
0.43368 0.960354
0.43369 0.960354
0.433746 0.962031
0.433781 0.967619
0.43382 0.969854
0.433849 0.973206
0.433842 0.973765
0.433858 0.973765
0.433873 0.97544
0.433881 0.976557
0.433871 0.97544
0.433863 0.974882
0.433882 0.976557
0.433891 0.976557
0.433931 0.980464
0.433978 0.984928
0.433984 0.985486
0.434024 0.988275
0.43406 0.991065
0.434075 0.993853
0.434118 0.996084
0.434136 0.998873
0.434181 1.0011
0.434177 1.00166
0.434192 1.00333
0.434173 1.00166
0.434191 1.00278
0.434191 1.00333
0.434217 1.00556
0.434238 1.00668
0.434248 1.00779
0.434264 1.0089
0.434261 1.00779
0.434255 1.00779
0.434245 1.00723
0.434253 1.00723
0.434268 1.0089
0.434273 1.00946
0.434252 1.00779
0.434237 1.00612
0.434209 1.00389
0.434177 1.00167
0.434174 1
0.434176 1.00056
0.434157 0.998888
0.434127 0.996108
0.434125 0.995552
0.434137 0.996664
0.43409 0.992773
0.434078 0.991105
0.43407 0.991105
0.434022 0.986659
0.433992 0.983881
0.433961 0.981103
0.433919 0.977215
0.433917 0.977215
0.433927 0.977215
0.433912 0.975549
0.43388 0.973883
0.433832 0.968887
0.433808 0.966666
0.433789 0.964446
0.433748 0.960561
0.433774 0.961671
0.433785 0.96389
0.43379 0.96389
0.433802 0.964445
0.433814 0.965
0.433796 0.964445
0.433803 0.965
0.433797 0.964445
0.433773 0.962227
0.433737 0.958901
0.433727 0.957793
0.433707 0.95613
0.433674 0.952805
0.433655 0.951143
0.433626 0.948927
0.433633 0.948927
0.433612 0.946711
0.433622 0.948373
0.433601 0.945604
0.43358 0.943943
0.433568 0.943389
0.433567 0.942836
0.433552 0.940068
0.433533 0.939515
0.433497 0.936748
0.43347 0.932321
0.433507 0.935087
0.433534 0.938407
0.433562 0.941172
0.433555 0.940066
0.433525 0.938407
0.433513 0.937301
0.433489 0.934537
0.433476 0.933984
0.433452 0.930668
0.433423 0.928457
0.433443 0.930115
0.433455 0.928457
0.433457 0.930667
0.433454 0.930115
0.433454 0.930115
0.433446 0.929562
0.433443 0.929562
0.433441 0.92901
0.433447 0.929562
0.433439 0.92901
0.433456 0.92901
0.433447 0.928458
0.433445 0.928458
0.433455 0.929562
0.433453 0.92901
0.433478 0.931768
0.43345 0.92901
0.433447 0.92901
0.433431 0.927356
0.433439 0.927907
0.433435 0.927356
0.433422 0.925702
0.433424 0.925702
0.433422 0.925702
0.43342 0.925702
0.433429 0.9246
0.433458 0.927906
0.433452 0.928457
0.433432 0.926253
0.433399 0.9235
0.43337 0.920195
0.433376 0.921297
0.433394 0.921847
0.433419 0.923499
0.433448 0.926251
0.433476 0.929553
0.433475 0.929003
0.433457 0.927352
0.433495 0.929003
0.433505 0.932304
0.433527 0.932854
0.433539 0.933404
0.433577 0.937804
0.433581 0.938353
0.433634 0.940003
0.433662 0.943851
0.4337 0.947699
0.433715 0.949348
0.433756 0.953195
0.433785 0.956492
0.433795 0.957591
0.433817 0.95869
0.433823 0.95869
0.433815 0.959239
0.433822 0.95869
0.433821 0.959239
0.4338 0.957592
0.433821 0.95869
0.433808 0.957043
0.433794 0.957043
0.433781 0.955397
0.43378 0.955397
0.433745 0.951556
0.433697 0.947167
0.433649 0.942778
0.433644 0.941681
0.433641 0.941133
0.433639 0.941133
0.433655 0.942229
0.433691 0.945519
0.433705 0.947163
0.433721 0.948808
0.433754 0.949356
0.433752 0.951
0.43376 0.951548
0.433761 0.952096
0.433781 0.953191
0.433791 0.953191
0.433793 0.954287
0.433773 0.953191
0.433749 0.949906
0.433753 0.949906
0.433736 0.949359
0.433725 0.947716
0.433729 0.948264
0.433698 0.945527
0.433693 0.94498
0.433692 0.94498
0.433678 0.943339
0.433637 0.940057
0.433625 0.938416
0.433622 0.937869
0.433633 0.938416
0.433656 0.940056
0.433666 0.94115
0.433693 0.943883
0.433747 0.948256
0.433752 0.949349
0.433762 0.949895
0.433789 0.950988
0.433804 0.953173
0.433812 0.953173
0.433819 0.954812
0.433813 0.954266
0.43381 0.953719
0.433794 0.952627
0.433773 0.950444
0.433819 0.954265
0.433824 0.954811
0.433838 0.955356
0.433867 0.958085
0.433875 0.958631
0.433897 0.960813
0.433906 0.961904
0.433937 0.96354
0.43394 0.964086
0.433944 0.964086
0.433958 0.965176
0.43399 0.966267
0.434007 0.969538
0.434011 0.970628
0.434038 0.972263
0.434077 0.974988
0.434125 0.977712
0.434138 0.982071
0.434153 0.982616
0.434155 0.982616
0.434146 0.982071
0.434175 0.983705
0.434223 0.986972
0.434213 0.988605
0.434187 0.986972
0.434208 0.986972
0.434225 0.988605
0.434205 0.987517
0.434214 0.987517
0.434219 0.988061
0.434266 0.990237
0.434274 0.992957
0.434267 0.991869
0.434243 0.990237
0.434228 0.988062
0.434247 0.989693
0.434238 0.98915
0.43424 0.98915
0.434228 0.988063
0.434211 0.986432
0.434173 0.983715
0.434201 0.983715
0.434213 0.985888
0.434214 0.986431
0.434215 0.986431
0.434207 0.985888
0.434193 0.984259
0.43416 0.981544
0.434166 0.982087
0.434134 0.979373
0.434128 0.978287
0.434096 0.976116
0.434103 0.975031
0.434075 0.973403
0.434028 0.969062
0.433997 0.966892
0.433962 0.963095
0.433945 0.961468
0.433939 0.960383
0.433931 0.959841
0.433905 0.95713
0.433916 0.957672
0.43388 0.954962
0.433893 0.955504
0.433903 0.956588
0.433913 0.956046
0.433921 0.958213
0.433915 0.957671
0.433945 0.96038
0.43395 0.96038
0.433956 0.960922
0.433971 0.961463
0.433986 0.962546
0.433991 0.96417
0.434032 0.966336
0.434075 0.969583
0.434099 0.973372
0.434118 0.974996
0.434166 0.977701
0.434171 0.979324
0.434219 0.981488
0.434226 0.983652
0.434273 0.986356
0.434319 0.991764
0.434329 0.993386
0.434358 0.99609
0.434386 0.998252
0.434427 1.0015
0.434444 1.00312
0.434491 1.00528
0.434503 1.00906
0.434543 1.01176
0.434549 1.01176
0.434578 1.01392
0.434589 1.01662
0.434629 1.02041
0.434658 1.02203
0.43468 1.02419
0.4347 1.02634
0.434695 1.0258
0.434707 1.02634
0.434731 1.0285
0.434728 1.0285
0.434713 1.02688
0.434714 1.02688
0.434725 1.02796
0.434724 1.02796
0.43477 1.0312
0.434761 1.03174
0.434754 1.03012
0.434727 1.02796
0.434729 1.02743
0.43474 1.0285
0.434743 1.02796
0.434757 1.02958
0.434775 1.03012
0.434772 1.0312
0.434749 1.02958
0.434752 1.02904
0.434744 1.02904
0.434732 1.02689
0.434726 1.02743
0.434707 1.02527
0.4347 1.0242
0.434691 1.02366
0.434726 1.02581
0.434734 1.02743
0.434729 1.02689
0.434729 1.02635
0.434768 1.02904
0.43477 1.02958
0.43479 1.03119
0.434788 1.03173
0.434767 1.03012
0.434795 1.03119
0.434807 1.0328
0.43483 1.03496
0.434837 1.03549
0.434838 1.03603
0.43488 1.03764
0.434878 1.03818
0.434869 1.03764
0.434916 1.03979
0.434934 1.04355
0.434948 1.04463
0.434969 1.04677
0.434978 1.04785
0.435019 1.05053
0.435073 1.05375
0.43509 1.05805
0.435124 1.0602
0.435134 1.06073
0.435119 1.0602
0.435138 1.06127
0.435162 1.06395
0.435175 1.06449
0.435178 1.06556
0.435225 1.06878
0.435233 1.06824
0.435245 1.06985
0.43526 1.072
0.435287 1.07414
0.435312 1.07629
0.435335 1.07736
0.435355 1.08111
0.435384 1.08111
0.435403 1.0854
0.435437 1.08807
0.435453 1.08915
0.435451 1.08861
0.435448 1.08861
0.435445 1.08861
0.435468 1.08968
0.435483 1.09129
0.435524 1.0945
0.43555 1.09718
0.435564 1.09878
0.435564 1.09932
0.435558 1.09825
0.435548 1.09771
0.435566 1.09932
0.435542 1.09771
0.43551 1.09397
0.435513 1.0945
0.435484 1.09129
0.435505 1.0929
0.435523 1.09343
0.435518 1.09397
0.43553 1.09557
0.435543 1.09611
0.435567 1.09878
0.435609 1.09985
0.435599 1.10145
0.435594 1.10038
0.435614 1.10091
0.435617 1.10198
0.435611 1.10305
0.435595 1.10038
0.435585 1.09985
0.435586 1.10038
0.435602 1.09985
0.435622 1.10252
0.435631 1.10305
0.435648 1.10412
0.435671 1.10678
0.43567 1.10732
0.435687 1.10785
0.435692 1.10945
0.435682 1.10732
0.435664 1.10679
0.43569 1.10838
0.435687 1.10785
0.435684 1.10838
0.435677 1.10785
0.435659 1.10572
0.435664 1.10572
0.435695 1.10679
0.435697 1.10838
0.435674 1.10625
0.435699 1.10838
0.435692 1.10838
0.435682 1.10732
0.435714 1.10945
0.435726 1.11105
0.435733 1.11158
0.435788 1.11424
0.435777 1.11584
0.435797 1.11637
0.435817 1.11797
0.435799 1.11797
0.4358 1.11637
0.435811 1.11797
0.435809 1.11797
0.435788 1.11637
0.435759 1.11371
0.435764 1.11371
0.435758 1.11318
0.43574 1.11212
0.435747 1.11212
0.435755 1.11212
0.435745 1.11212
0.43577 1.11318
0.435775 1.11424
0.435782 1.11477
0.435784 1.1153
0.435749 1.11212
0.435726 1.11052
0.435701 1.1084
0.435682 1.10681
0.435656 1.10362
0.435646 1.10256
0.435635 1.1015
0.435613 1.09884
0.435631 1.10097
0.435621 1.0999
0.435638 1.1015
0.435608 1.09884
0.435571 1.09619
0.435545 1.09301
0.435534 1.09195
0.435502 1.0893
0.435493 1.08771
0.435473 1.08612
0.435455 1.08452
0.435474 1.08505
0.435475 1.08611
0.435457 1.084
0.435455 1.08453
0.435447 1.08241
0.435443 1.08294
0.435455 1.08347
0.435444 1.08294
0.435409 1.08029
0.435389 1.07817
0.435358 1.07499
0.435326 1.07182
0.435343 1.07234
0.435338 1.07287
0.435297 1.06917
0.435305 1.06917
0.435325 1.07182
0.435304 1.0697
0.435289 1.06811
0.435305 1.06917
0.435273 1.06652
0.435269 1.06652
0.435279 1.06705
0.435279 1.06652
0.435266 1.06547
0.435257 1.06441
0.435255 1.06441
0.435242 1.06282
0.435247 1.06335
0.435248 1.06335
0.435262 1.06441
0.435304 1.06705
0.435304 1.06864
0.435329 1.06969
0.435325 1.06969
0.435351 1.0718
0.435356 1.07233
0.435378 1.07339
0.435424 1.07656
0.435461 1.08131
0.43547 1.08236
0.435434 1.08025
0.435413 1.07814
0.435365 1.07339
0.43535 1.07181
0.435342 1.07128
0.43533 1.07023
0.435333 1.06917
0.435344 1.07128
0.435347 1.07075
0.435355 1.07234
0.435341 1.07023
0.435327 1.06917
0.435342 1.07023
0.435375 1.07339
