2.93757 0.059649 10.0719 1.97891 2.03755 -4.95943
0.036294 2.98922 10.0291 2.03647 1.93127 -5.0104
2.94323 0.0411947 10.0509 1.98083 2.27504 -4.91604
2.89085 10.0531 0.0719542 -3.51615 -1.53283 11.9739 -10.5842 -21.1406 -1.81035 2.0113 -4.95287 2.11215 17.2027 -4.48622 -12.9637 -24.6779 -5.54674 -18.1409
3.03434 10.0708 0.00801416 9.24405 7.1291 20.6354 1.92073 -4.95693 2.12858 8.82979 -6.82714 39.9767
2.91596 -0.0249104 10.0231 37.1323 0.649867 7.5477 2.07294 2.19432 -5.02262 1.27087 7.57712 -12.2113
0.0333574 2.96854 10.091 1.15499 2.14436 2.01919 -4.9042 -35.5615
2.93544 -0.0503053 10.0799 2.94364 -18.4904 1.95516 2.02391 -5.00018 2.32233 5.8562
3.0074 0.0106355 10.1359 4.98844 -3.43891 13.7254 1.99232 2.28695 -4.92137 -7.77841 12.6272 18.0029
2.95306 10.1346 0.00280866 5.69816 -2.38437 2.00009 -4.83152 2.09197 12.7174 -7.1436
2.8386 0.00151513 10.0212 -14.7853 1.96539 2.10429 -4.99645 -8.77986
2.97869 9.98762 0.0052695 3.68673 6.36827 2.00118 -5.03558 2.12807 -10.113 17.8117
2.94718 -0.0327375 10.1388 1.97135 2.14632 -4.91261
2.9982 10.0572 -0.071633 15.5491 2.01864 -4.9627 2.06565 -35.9623
3.05159 10.0424 -0.0249073 16.7535 2.00326 -4.93912 2.12053 -20.8995
3.05017 0.088724 10.0358 -5.43384 2.07463 2.13134 -4.96509 -1.90454
3.07266 -0.030506 9.93776 30.1912 -2.77601 1.97249 2.12211 -5.01592 0.697569 8.41534
2.92058 -0.0342371 10.0667 -1.36171 18.1336 1.93442 2.20905 -4.927 7.49437 -32.2151
2.95714 0.0679305 10.022 3.83273 30.1367 13.8916 -49.8351 22.8367 1.59298 -15.2891 5.9757 -6.16424 1.99365 2.05119 -4.9873 2.11552 -10.4855 -7.0276 15.9276 -11.2238 33.9102 30.5266 -28.2318 8.44409
3.04887 10.1894 0.0469531 1.92217 1.91267 -4.88892 2.10186 4.49634
2.94631 10.0922 -0.019999 6.05552 1.98496 -4.98539 2.07544 1.76028
2.96654 0.0856515 9.93853 0.207023 -9.68487 1.98492 2.17135 -4.97742 5.84533 -30.0596
0.0352691 3.05421 10.0515 2.24349 2.0079 -4.96797
3.07536 0.0334677 10.1137 1.94177 2.11672 -4.98493
0.0572411 3.01219 10.0236 2.10473 2.05797 -4.9945
2.9826 0.0285344 9.99712 13.4094 2.00939 2.16467 -4.99331 12.6247
2.9152 -0.0160284 10.2061 2.00099 2.22768 -4.91621
3.07361 10.0572 -0.00872538 -11.4807 6.17709 1.99898 -4.95291 1.99672 4.49783 1.82865
2.95659 -0.0369786 10.1004 1.96423 2.07561 -4.97353
2.97659 0.0100797 10.0144 2.06788 2.20944 -4.92205
0.0376757 2.97471 10.0091 2.03741 2.02338 -5.03078
-0.000326235 10.0667 2.99019 24.404 15.4957 2.22821 -4.92307 2.00203 6.57225 -24.1876
0.0491469 10.0709 2.93371 0.488563 0.267665 -22.5953 2.11047 -4.94562 2.02481 2.40363 2.35018 19.6457
10.2008 0.0184717 2.97062 38.0584 -4.97634 2.01018 1.96478 11.0656
-0.0132836 10.0026 2.94128 2.06588 -4.92256 2.00258
10.1013 -0.042379 2.97623 16.3865 -4.93497 2.09046 1.92249 -17.2816
0.111157 10.0183 2.97431 2.14345 -4.96645 1.97708
10.1635 0.0542637 3.03766 -7.07623 26.8288 -4.88576 2.07918 1.91025 -7.91433 -1.23682
-0.0719377 10.1432 3.08798 -13.9439 -17.2892 -10.8282 -10.8538 8.68573 17.1302 2.02186 -4.91338 1.93228 16.0357 1.5703 7.76505 2.56942 -30.9681 21.1584
0.0929335 3.00296 9.92418 -13.6544 2.19065 2.00228 -5.022 1.17803
0.0368895 2.92165 9.98495 -0.16385 -4.30202 2.10542 2.08392 -5.00711 4.86513 18.1079
2.92295 -0.0350739 10.1221 -6.0824 14.3362 2.11553 2.17819 -4.97829 2.13182 -27.5457
-0.0356212 3.01666 10.1043 8.17949 11.1743 17.3129 2.20957 2.05054 -4.98123 -10.003 23.7871 -6.58328
2.98086 0.0689567 10.0117 4.99837 1.99466 2.15889 -5.05362 -7.45385
2.94757 10.1316 0.0145971 1.95934 -4.9406 2.04415
2.9152 10.1297 0.0704946 1.92876 -4.83306 2.14466
2.99976 -0.0253084 10.0338 -2.67583 2.02234 1.90704 -4.89715 -7.21764
2.96945 9.98898 0.0140153 -18.0495 1.97053 -4.93695 2.12843 -36.5503
2.85303 9.98859 -0.0403035 1.96471 -4.95627 2.09392
10.1556 2.93371 -0.00179331 -4.94627 1.95769 2.06624
2.93542 10.0905 0.00607854 2.00871 -4.94438 2.02234
3.01025 10.1096 0.0716668 2.00191 -4.94356 1.99872
2.96027 0.0511361 10.1098 2.00344 2.17331 -4.93529
2.965 9.83815 0.0642051 1.98905 -4.99531 2.08056
2.9724 -0.0425708 10.0845 2.05381 1.95022 -5.00431
2.98436 0.0472689 10.059 -3.22021 -9.33277 2.03117 2.17968 -5.025 6.31237 12.6483
0.0503703 2.98702 10.0889 21.9107 9.26857 1.96819 1.92501 -4.94992 11.813 -14.4316
2.9786 0.0162139 9.96058 0.153895 18.216 4.75444 1.97278 2.01885 -4.87419 -12.2944 23.9649 -17.948
3.0195 0.0105195 9.93777 2.07258 1.94298 -4.9303
2.98901 10.0596 0.0314505 1.56874 2.0692 -4.94403 2.12041 17.3393
2.97615 10.1237 -0.0301137 2.02557 -4.90512 2.13456
9.98251 2.94983 0.0132568 -4.98917 2.01544 2.24126
2.89211 10.1594 -0.128542 2.04165 -4.88926 1.97837
10.0418 3.00661 0.0634754 -4.9702 2.06594 2.14571
10.027 2.9563 0.0294608 28.4848 -6.48372 25.8801 -5.00634 1.91201 2.10417 2.34587 -23.2733 -3.43803
2.93536 10.0572 0.0560109 -13.303 2.06097 -5.02658 1.99016 33.733
2.98485 10.1075 -0.021571 15.1541 4.30966 10.011 2.12253 -5.00912 1.85324 11.9281 16.8323 -45.1053
2.98555 10.0345 -0.0315651 1.99463 -4.96007 2.04536
2.9901 10.2209 0.0625889 9.30179 -5.29353 -0.830858 7.09589 15.2535 11.2682 -6.97111 -30.8926 14.5532 2.06114 -4.91986 2.07985 4.30588 -11.6462 -1.18182 13.563 -6.57691 -21.471 -9.35225 28.4618 -14.3969
10.1952 2.97799 -0.030275 -2.71161 -4.94845 2.09655 1.98087 -0.730873
2.97322 10.0733 -0.00930303 25.4308 -19.3972 2.02727 -5.03138 2.11209 23.3574 -14.3734
2.89096 10.0608 0.0668661 -0.629858 2.10852 -4.96242 2.10314 3.76069
3.07168 10.2386 -0.00450064 1.99517 -4.92448 2.07363
10.0069 3.06116 0.0237335 -5.05215 2.01535 2.14794
10.0458 2.90858 -0.0370111 30.7945 -4.92724 2.08294 2.1167 -14.5018
10.1562 0.0139801 2.95217 -3.94354 -5.01061 2.00455 2.03001 22.55
-0.0304184 10.0634 2.96531 22.5435 48.7043 -13.6774 12.4297 2.01627 -5.00684 2.05794 -34.1854 -16.5709 23.6045 -21.513
0.0161012 2.98737 10.0061 2.16187 2.00865 -4.99761
0.0808829 9.94504 2.95109 2.17869 -5.0646 2.05122
9.99062 -0.031663 2.9715 -5.00521 2.03471 2.00464
10.0765 2.88516 -0.0569392 -4.84304 2.04455 1.98705
9.9706 0.0573558 2.98815 -5.01897 1.95737 2.0905
10.0732 2.98641 -0.00306572 37.686 -4.88207 2.03154 2.14628 -5.13741
2.94573 10.1561 0.0401779 19.203 1.93713 -4.94576 2.18765 22.5449
10.0788 2.9633 0.0987971 -4.95698 1.95625 2.2784
3.07737 10.0513 -0.0131692 1.98699 -5.05129 2.26357
2.93458 10.1173 -0.0485662 2.03363 -4.96902 2.05835
10.0446 2.93458 0.0535354 -2.10943 -17.9768 0.919362 -9.77463 28.9894 14.3058 -4.97158 2.08179 2.21752 -18.2394 -4.16265 28.6594 15.4677 -15.4366 -9.7719
9.96587 0.0593699 3.01426 -0.119853 24.8516 0.364974 4.05744 -8.16752 0.598757 48.1192 -14.6929 7.78255 -25.9605 -22.3091 -4.9129 2.06575 2.00998 21.7774 25.168 2.76395 2.39353 -21.775 8.69958 -21.8016 -28.3551 -2.24225 20.9284 26.6081
10.1129 0.0122792 3.0181 -31.2547 17.0657 2.89377 2.99407 -4.93858 2.06436 2.03503 -2.27391 -19.3829 1.24582 10.919
9.99636 0.0992859 2.97776 11.9636 23.9941 -4.44466 3.60691 -6.79358 37.9935 3.91249 -4.96879 2.04319 2.02076 6.13238 -7.4573 13.2339 -17.7551 -0.674358 -17.2457 -24.8711
10.0225 2.91302 -0.0655828 5.76861 -21.5845 15.5759 -4.97651 1.95492 2.26161 -6.77594 -10.1176 27.3295
10.05 -0.0376894 3.01205 15.4756 22.674 -4.92347 2.12176 2.01073 -1.93058 19.0809
9.99927 -0.0308712 2.95079 7.42248 10.2261 -4.94985 2.17001 1.99676 -6.11865 -9.51171
9.9706 -0.0716898 2.92979 -0.711799 -4.96769 2.0696 2.06546 26.4281
10.0499 2.97643 0.00727878 22.5341 -5.01501 2.05462 2.15449 9.17599
2.97137 10.0399 -0.00126729 2.07818 -5.04791 2.17742
2.85966 10.0036 -0.054051 1.93999 -5.06276 1.9463
10.068 2.96024 -0.0981003 5.49872 -4.87932 2.11448 2.03611 -5.90226
10.1867 0.119508 2.99423 31.3411 -4.89248 2.09901 2.0862 -26.0657
