0.439256 1.00019
0.439601 1.01353
0.439403 1.00466
0.439404 1.00466
0.439307 1.00023
0.43921 0.995819
0.438621 0.969382
0.439017 0.986975
0.43902 0.986975
0.439218 0.995739
0.439122 0.991365
0.438929 0.982632
0.439126 0.991349
0.439128 0.991349
0.439517 1.00872
0.439904 1.02606
0.439712 1.0174
0.439137 0.991489
0.439043 0.987177
0.43895 0.982874
0.438667 0.969985
0.438765 0.974274
0.439242 0.995678
0.439527 1.0085
0.43934 0.999967
0.439341 0.999967
0.439437 1.00422
0.439719 1.01695
0.439907 1.02542
0.439814 1.02119
0.439721 1.01697
0.439536 1.00854
0.43963 1.01275
0.43963 1.01275
0.439539 1.00856
0.439448 1.00437
0.439725 1.01691
0.439634 1.01273
0.439726 1.0169
0.439544 1.00858
0.439364 1.00029
0.439184 0.992001
0.439005 0.98373
0.438736 0.971345
0.438649 0.967223
0.439101 0.987796
0.439462 1.00423
0.439284 0.996025
0.439464 1.00421
0.439287 0.996039
0.4392 0.991959
0.439557 1.00825
0.439115 0.987919
0.439117 0.987919
0.439031 0.983865
0.438769 0.971724
0.438509 0.959604
0.438337 0.951536
0.438253 0.947509
0.438344 0.95153
0.438609 0.963572
0.438438 0.955557
0.438701 0.96756
0.438445 0.955576
0.438276 0.9476
0.438624 0.963527
0.438627 0.963527
0.438715 0.967496
0.438974 0.979384
0.439062 0.98334
0.439149 0.98729
0.439151 0.98729
0.439237 0.991228
0.43907 0.983365
0.438819 0.97159
0.439242 0.991184
0.439244 0.991184
0.439161 0.987278
0.439247 0.991178
0.439499 1.00286
0.439833 1.01842
0.439917 1.0223
0.439751 1.01455
0.439752 1.01455
0.439587 1.00682
0.439423 0.999099
0.439424 0.999099
0.439425 0.999099
0.439262 0.991418
0.439346 0.995253
0.43951 1.00291
0.43943 0.999088
0.439106 0.983818
0.438945 0.976195
0.438866 0.972389
0.438707 0.964789
0.43879 0.968583
0.438551 0.957217
0.438554 0.957217
0.438397 0.949663
0.43824 0.942119
0.438323 0.945885
0.437928 0.927083
0.438012 0.930838
0.438095 0.934587
0.438257 0.942075
0.438182 0.938337
0.438107 0.934604
0.438346 0.945786
0.43835 0.945786
0.438275 0.942069
0.4382 0.938358
0.438125 0.934653
0.437817 0.919853
0.437821 0.919853
0.437903 0.923542
0.437674 0.91249
0.437756 0.916169
0.437606 0.908822
0.437688 0.91249
0.437615 0.908828
0.437697 0.912485
0.437854 0.91979
0.437629 0.908849
0.437786 0.916132
0.437867 0.919769
0.437871 0.919769
0.438178 0.934274
0.438182 0.934274
0.438185 0.934274
0.438189 0.934274
0.438041 0.927062
0.438271 0.937865
0.438424 0.945057
0.438652 0.955829
0.438879 0.966586
0.43903 0.973748
0.439255 0.984475
0.439331 0.988046
0.439629 1.00231
0.439556 0.998748
0.439482 0.995192
0.439336 0.98809
0.439116 0.977451
0.439265 0.984534
0.439119 0.977461
0.439194 0.980993
0.438976 0.970412
0.439051 0.973934
0.439053 0.973934
0.438982 0.970422
0.439129 0.977437
0.439275 0.984443
0.439349 0.987941
0.439278 0.984448
0.438919 0.967004
0.438993 0.970488
0.439282 0.984406
0.439355 0.98788
0.439642 1.00176
0.439571 0.998295
0.439501 0.994834
0.439573 0.99829
0.43929 0.984484
0.43922 0.981037
0.43908 0.974152
0.438728 0.956962
0.43873 0.956962
0.438873 0.96382
0.438664 0.953547
0.439088 0.974066
0.438669 0.953574
0.438392 0.93993
0.438813 0.960369
0.438955 0.967173
0.439096 0.973968
0.439236 0.980755
0.439237 0.980755
0.439031 0.970601
0.438964 0.967221
0.438966 0.967221
0.439036 0.970593
0.439107 0.97396
0.439314 0.984048
0.439521 0.994123
0.43959 0.997477
0.439659 1.00083
0.439523 0.994136
0.439388 0.987453
0.439321 0.984116
0.43939 0.987449
0.439188 0.977463
0.439189 0.977463
0.439325 0.984104
0.439461 0.990736
0.439597 0.99736
0.439597 0.99736
0.439665 1.00066
0.439666 1.00066
0.4398 1.00725
0.439733 1.00396
0.439601 0.997389
0.439668 1.00067
0.439735 1.00395
0.43947 0.990851
0.439339 0.984309
0.439274 0.981042
0.439341 0.984305
0.439211 0.977787
0.43908 0.971278
0.439475 0.990783
0.439411 0.987536
0.439085 0.971321
0.439152 0.97456
0.439283 0.98103
0.439285 0.98103
0.439156 0.974576
0.438963 0.964906
0.439094 0.971345
0.43916 0.97456
0.439355 0.984195
0.439485 0.990611
0.439743 1.00343
0.439422 0.987426
0.439167 0.974641
0.439168 0.974641
0.438978 0.965076
0.439171 0.97463
0.439108 0.971449
0.439046 0.968272
0.438857 0.958752
0.438859 0.958752
0.438734 0.95242
0.438547 0.942933
0.438675 0.94925
0.43874 0.952405
0.438805 0.955556
0.438807 0.955556
0.438934 0.961843
0.438998 0.964983
0.43875 0.952438
0.438877 0.958703
0.438879 0.958703
0.438756 0.952453
0.438509 0.939966
0.438512 0.939966
0.438514 0.939966
0.438516 0.939966
0.438395 0.933751
0.438274 0.927544
0.438277 0.927544
0.43828 0.927544
0.438282 0.927544
0.43804 0.915186
0.437982 0.912101
0.437802 0.902853
0.437927 0.909011
0.437991 0.912086
0.438055 0.915158
0.437997 0.91209
0.438 0.91209
0.437821 0.902906
0.437825 0.902906
0.437707 0.896797
0.437651 0.893746
0.437895 0.905936
0.437898 0.905936
0.437961 0.908977
0.438323 0.927201
0.438386 0.930235
0.438388 0.930235
0.438331 0.927208
0.438333 0.927208
0.438811 0.951372
0.438694 0.945338
0.438815 0.951366
0.438935 0.957387
0.438641 0.942351
0.438466 0.933339
0.438409 0.930339
0.438353 0.927342
0.438473 0.933329
0.438651 0.942301
0.438887 0.954251
0.438713 0.945299
0.438949 0.957222
0.439067 0.963177
0.439127 0.966152
0.438953 0.957238
0.438839 0.951302
0.438609 0.939444
0.438437 0.930559
0.438382 0.927601
0.438384 0.927601
0.438501 0.933505
0.438331 0.924659
0.438448 0.93055
0.438336 0.924665
0.438223 0.918786
0.43834 0.924659
0.438343 0.924659
0.438573 0.936378
0.438689 0.942231
0.438691 0.942231
0.43875 0.945152
0.438809 0.948069
0.438867 0.950984
0.438868 0.950984
0.438983 0.9568
0.438928 0.953895
0.438817 0.948091
0.438762 0.945192
0.438596 0.936504
0.438373 0.924932
0.438655 0.939382
0.438601 0.936495
0.438771 0.945146
0.438661 0.939385
0.43844 0.927874
0.438554 0.933623
0.438444 0.927879
0.438558 0.933617
0.438338 0.922154
0.438396 0.925017
0.438398 0.925017
0.438345 0.92216
0.438457 0.927868
0.438404 0.925017
0.438352 0.922168
0.438354 0.922168
0.438411 0.925011
0.438194 0.913653
0.438142 0.910816
0.438035 0.905149
0.438038 0.905149
0.438041 0.905149
0.438261 0.916449
0.438209 0.913627
0.438211 0.913627
0.438214 0.913627
0.438162 0.910813
0.438165 0.910813
0.437898 0.896774
0.438008 0.902384
0.438011 0.902384
0.43796 0.899585
0.437802 0.891195
0.437912 0.896783
0.437701 0.885618
0.43765 0.88283
0.437867 0.893972
0.43787 0.893972
0.438191 0.910651
0.438459 0.924537
0.438249 0.91344
0.438517 0.927298
0.438413 0.92176
0.438573 0.930059
0.438417 0.921768
0.438472 0.924529
0.438421 0.921771
0.438213 0.91075
0.438005 0.89974
0.437851 0.89149
0.437853 0.89149
0.437961 0.896979
0.438016 0.899721
0.437914 0.894242
0.437917 0.894242
0.438023 0.89971
0.438026 0.89971
0.437873 0.891525
0.437927 0.89425
0.438085 0.90242
0.438346 0.916023
0.438452 0.921459
0.438402 0.918744
0.438353 0.916031
0.438303 0.913321
0.438203 0.907906
0.438308 0.913316
0.438361 0.916018
0.438363 0.916018
0.438519 0.924109
0.438724 0.934888
0.438777 0.93758
0.43883 0.940269
0.438933 0.945643
0.438883 0.942959
0.439138 0.956368
0.43919 0.959047
0.439039 0.951017
0.43904 0.951017
0.438941 0.945673
0.43869 0.932328
0.438541 0.924328
0.438543 0.924328
0.438444 0.919004
0.438647 0.929641
0.438498 0.921671
0.43855 0.924325
