4.88271 0.0374965 -4.98001 -4.84455
0.0374965 4.88271 -4.98001 1.96789 -2.69488 -6.08797
0.0374965 -4.98001 4.88271
0.0374965 4.88271 -4.98001 0.702889 0.273713 1.10209
0.0374965 -4.95977 4.88271
0.0374965 4.88271 -4.95977
0.0374965 4.88271 -4.95977
4.88271 0.0374965 -4.95977 1.01202
0.0374965 4.88271 -4.95977
0.0374965 -4.95977 4.88271
0.0374965 4.88271 -4.95977
0.0374965 -4.95977 4.88271 -3.08212 0.0588308
0.0374965 4.99286 -4.95977 -2.29593
0.0922143 4.99286 -4.95977
4.99286 0.0922143 -4.95977 0.0679113 0.253892 -2.55155 -2.25337 -3.16269
4.99286 0.0922143 -4.95977 -0.247499 0.0192658 -2.63234 -0.000280756
4.99286 0.0922143 -4.95977
4.99286 -0.0778086 -4.95977 0.0488735 3.51912 0.0926624 -7.59265 3.20971 -1.36091 -0.0295266 0.553083 -2.61551
4.99286 -0.0778086 -4.99742
4.99286 0.0298219 -4.99742 0.976156 -1.74862 -2.35122
4.76303 0.0272462 -4.99742 -1.95587
4.76303 0.0272462 -4.99742 3.57362 0.00292434 -0.894922 -2.97966
0.0272462 4.76303 -4.99742 -0.11907 2.65136 -1.03622
0.0272462 4.76303 -4.99742 -0.869132 2.59481 -0.398179 3.4204 1.61702
4.76303 0.0272462 -4.99742 -0.0918969
0.0272462 4.80771 -4.99742 -1.26104
-0.0140713 4.87849 -4.99742 1.2697
-0.0140713 4.87849 -4.99742
-0.0140713 -4.99742 4.87849
-4.88275 -0.0140713 4.87849
-4.88275 4.91638 0.0953947
4.91638 -4.88275 0.0717926
-4.97555 4.91638 0.0717926
4.91638 -4.97555 0.0717926 1.3403
4.91638 0.0717926 -4.97555
4.91638 0.0717926 -4.97555 1.33492 0.744018
4.91638 0.0641408 -4.97555
4.91638 0.0641408 -4.97555 6.46625 10.0066 -3.06728 -0.99737
0.0641408 4.91638 -4.97555 0.481026
0.0641408 4.91638 -4.97555 3.27993
0.0641408 -4.97555 4.91638
0.0641408 4.91638 -4.97555 2.83804 2.38875 -0.166085
4.92388 0.0641408 -4.97555 -1.69172 -1.78671 -0.124772 1.55713
0.0641408 4.83231 -4.97555 0.415414 1.56022 0.620937
0.0641408 4.83231 -4.97555 -1.81727 -5.4861
4.95716 0.064502 -4.97555 1.87465
4.88308 0.064502 -4.97555 1.85478 -5.82683 1.64207 -0.588175 6.52001
0.00338196 4.88308 -4.97555
0.00338196 -4.97555 4.88308 0.818733 -1.34578 -4.91802
-0.0371532 -4.97555 4.89573 2.67483
-0.0371532 -4.97555 4.89573
-4.90578 -0.0371532 4.89573
0.103282 -4.90578 4.89573
0.0435014 -5.03691 4.89573
0.0734426 4.92943 -5.03691
0.0734426 -4.95251 4.9581 -0.0758779 2.13507
0.0734426 4.96225 -4.95251 -1.64567 -1.02912
4.96225 0.0734426 -4.95251 0.367953 5.63181 -0.897335 -1.8626 0.87522 -0.357161
0.0734426 4.9569 -4.95251
0.0734426 4.9569 -4.95251
0.0637058 4.9569 -5.09144
4.9569 0.0637058 -5.09144
4.90245 0.0637058 -5.05524 14.2868
0.147225 4.94864 -5.05524 2.57213
4.94864 0.0265006 -5.05524
0.0492243 4.84746 -5.05524 -3.2899 -4.06986
0.0492243 4.84746 -5.05524
0.0533008 4.84746 -5.11392
0.0533008 -5.11392 4.8184
0.0171162 4.94165 -5.04952
0.0171162 4.98186 -5.10051 3.15886
4.91986 0.0171162 -4.99052
0.0171162 4.82162 -4.99052
4.82162 0.0171162 -4.99052
4.94013 0.0166051 -4.99052 -7.68744
0.0131702 4.94013 -4.99052
4.94013 0.0131702 -4.99626
4.94013 0.0131702 -4.99626
0.0131702 4.94013 -4.99626
0.0131702 4.82237 -4.95875
0.0131702 4.82237 -4.95875
4.97554 0.0131702 -4.95875 -2.37889
0.013548 4.88346 -4.84535 -4.44238
-0.0358336 4.88909 -4.84535 -1.40884
-0.0324364 4.88909 -4.84535
-0.0324364 4.88909 -4.84535 9.78757 -1.82391 0.37408 -1.702
-0.0324364 -4.98584 4.88909 2.02182 -3.12526 4.01766 -3.26067 -4.16506
0.0537335 -4.98584 4.88909
-5.01434 0.0537335 4.88909 0.753925 1.2111 -1.5065 3.82461 2.7161
0.0537335 -5.01434 4.94294
0.0537335 -4.94178 4.90086 -11.5796 -0.788722 -4.50516 -7.0535
0.057368 4.96351 -4.94178 1.08846
4.94193 0.057368 -4.94178 -2.40682 0.402421 1.99782
4.99485 0.0256579 -4.94178 -2.46746 0.352306 2.04916
0.0347192 4.94624 -4.92954
0.0934523 4.94624 -4.9108
4.94624 0.0934523 -4.93556
4.96192 0.0934523 -4.98233 -2.71843
0.110616 4.88007 -4.98233 -2.86754
0.110616 -4.98233 4.88007 -2.79368
