0.442384 -0.433429 -0.433429 0.426864
8014.66 8048.43 8048.43 8100.3
1.02304 -1.00926 -1.00926 0.99883
2752.9 2762.54 2762.54 2780
1.44972 -1.44294 -1.44294 1.44303
546.089 546.694 546.694 556.259
1.2819 -1.23515 -1.23515 1.22188
82.7716 81.0063 81.0063 91.0676
1.11852 -0.989967 -0.989967 1.02408
32.1391 26.3688 26.3688 33.2079
1.13582 -0.862143 -0.862143 1.19303
16.0074 11.1263 11.1263 16.3891
1.97389 -0.85339 -0.85339 1.51573
9.76081 5.8085 5.8085 9.66414
2.39451 -1.13248 -1.13248 2.24296
4.86239 2.01631 2.01631 4.68769
4.10053 -1.15621 -1.15621 3.16527
3.30737 0.943031 0.943031 3.80679
5.07359 -0.922784 -0.922784 3.43437
3.65278 0.726137 0.726137 3.95861
3.46066 -0.773703 -0.773703 3.25827
3.95252 0.960708 0.960708 3.98828
3.34128 -0.543077 -0.543077 2.80895
3.88769 1.04424 1.04424 3.85116
4.13953 -0.78566 -0.78566 3.16135
3.41812 1.39268 1.39268 4.16241
4.18072 -0.402276 -0.402276 3.90809
2.37273 0.188043 0.188043 3.06772
5.01044 -0.355749 -0.355749 4.29316
2.5804 -0.190005 -0.190005 2.50615
4.96583 0.0175926 0.0175926 3.91712
2.65042 0.0126155 0.0126155 2.55926
5.11649 0.329209 0.329209 4.58943
2.63855 0.187472 0.187472 2.53714
4.93525 -0.971618 -0.971618 4.80962
2.85822 0.282175 0.282175 2.75427
3.52313 -1.3901 -1.3901 5.74557
3.12957 0.954129 0.954129 2.608
5.18974 -1.84737 -1.84737 4.778
2.22877 0.679157 0.679157 3.84435
6.10836 -0.135166 -0.135166 3.52046
2.41526 -0.608953 -0.608953 4.51279
4.43199 0.672283 0.672283 2.26028
3.68754 -1.50677 -1.50677 5.94725
4.43024 0.882947 0.882947 2.49019
2.81093 -0.569592 -0.569592 4.78548
5.29786 1.37314 1.37314 2.70552
3.91817 -1.6657 -1.6657 5.55688
3.53516 0.753956 0.753956 3.04104
4.38266 -0.853171 -0.853171 3.01926
3.52272 0.30734 0.30734 3.6718
2.5026 0.0088062 0.0088062 3.82438
5.46047 0.341839 0.341839 3.17773
2.82622 -0.739078 -0.739078 4.99432
5.35182 0.342315 0.342315 2.80251
2.30897 -0.909129 -0.909129 5.76915
7.39596 0.937914 0.937914 2.35677
2.93863 -1.08647 -1.08647 4.52442
6.64967 0.891475 0.891475 3.95359
2.08415 -0.447163 -0.447163 2.77784
8.09293 1.95635 1.95635 5.15705
1.71956 -0.0102716 -0.0102716 2.94659
7.90117 -0.0299164 -0.0299164 4.75301
1.79711 0.199629 0.199629 3.87212
9.52719 0.146761 0.146761 3.12406
1.58271 0.16361 0.16361 5.12583
5.17932 0.237338 0.237338 3.05266
2.54993 -0.293495 -0.293495 3.5539
5.52958 0.806521 0.806521 3.93469
2.6378 -0.821812 -0.821812 2.87517
7.27216 2.07406 2.07406 6.16653
2.44416 -0.420222 -0.420222 3.34652
5.36398 0.620018 0.620018 3.48613
2.86207 0.0184164 0.0184164 3.82782
4.21686 -0.261979 -0.261979 3.66579
3.61098 0.517565 0.517565 3.6794
3.76674 0.277611 0.277611 4.56469
5.55277 -0.837684 -0.837684 3.71791
2.58834 0.706447 0.706447 3.73996
7.01947 -1.31515 -1.31515 4.17024
2.92732 1.09718 1.09718 2.89256
6.19584 -1.26424 -1.26424 5.1115
2.98004 0.732366 0.732366 2.73688
4.9188 -1.68508 -1.68508 6.97996
4.0517 1.13039 1.13039 2.73356
3.9707 -1.04341 -1.04341 6.38353
4.43151 0.323368 0.323368 2.08485
3.34684 0.115493 0.115493 6.31915
3.88384 0.352344 0.352344 2.57001
3.47577 -0.249828 -0.249828 4.80213
4.35609 -0.674066 -0.674066 3.03556
3.14251 0.319821 0.319821 4.78625
3.95183 -0.937223 -0.937223 2.92931
4.11953 1.15287 1.15287 5.48603
3.84693 -0.913487 -0.913487 2.46797
4.21605 1.23664 1.23664 4.97753
3.70628 -0.992186 -0.992186 2.86988
5.58443 1.37489 1.37489 4.8281
3.32265 -1.18255 -1.18255 4.10217
6.08672 1.02441 1.02441 2.53964
2.92635 -1.13122 -1.13122 4.75022
5.8031 1.95376 1.95376 4.1057
3.94871 -1.47653 -1.47653 4.56665
4.99307 1.74393 1.74393 4.40484
3.09425 -0.419944 -0.419944 6.00635
5.9895 1.20125 1.20125 2.94826
2.44422 -0.528391 -0.528391 5.97598
5.78634 -0.210648 -0.210648 3.53553
3.13126 0.0540048 0.0540048 5.29262
6.98716 -0.0842716 -0.0842716 1.98459
2.56858 0.697534 0.697534 7.29839
7.01489 -0.447464 -0.447464 2.59007
1.91346 -0.120003 -0.120003 4.81409
9.33746 1.50901 1.50901 4.33883
2.38305 -0.528879 -0.528879 4.91421
8.10279 1.67288 1.67288 4.41444
3.29024 -1.00299 -1.00299 3.85743
5.5157 1.20662 1.20662 5.19807
3.50281 -1.40988 -1.40988 3.7523
5.04118 2.9017 2.9017 6.04312
4.32636 -2.03032 -2.03032 4.63311
5.43915 1.9657 1.9657 3.85967
3.72087 -1.80246 -1.80246 4.99014
5.87908 1.61358 1.61358 3.23342
3.36895 -1.47119 -1.47119 5.59797
5.0884 1.35565 1.35565 2.98977
6.57596 -2.88153 -2.88153 5.09908
3.33694 2.76823 2.76823 5.63191
7.85903 -3.90032 -3.90032 4.61226
2.81337 2.13119 2.13119 6.24893
8.64871 -2.84628 -2.84628 3.81638
2.84698 2.35481 2.35481 6.47428
10.5296 -3.08394 -3.08394 3.50717
2.19416 1.90965 1.90965 6.40225
11.0333 -1.76878 -1.76878 2.39453
2.49237 1.1224 1.1224 7.18983
6.28423 -1.01533 -1.01533 2.59973
3.44182 0.934532 0.934532 5.8879
5.86004 -0.646694 -0.646694 3.74003
2.97866 0.413374 0.413374 3.69469
5.64152 -1.42928 -1.42928 4.37674
3.2021 1.71501 1.71501 5.19252
6.80961 -2.01059 -2.01059 3.87386
3.09639 1.14113 1.14113 4.57215
5.01666 -0.432581 -0.432581 4.34984
3.33806 0.648424 0.648424 4.23748
4.06475 0.0417468 0.0417468 2.9726
3.40704 0.162812 0.162812 6.57881
3.73485 -0.915493 -0.915493 3.51043
4.91621 0.516506 0.516506 4.37858
3.26944 -0.61118 -0.61118 3.98577
3.50346 0.968993 0.968993 4.57759
4.68558 -1.42852 -1.42852 5.78175
3.20528 0.832928 0.832928 2.82368
6.13192 -0.580212 -0.580212 6.33507
3.2306 -0.0284318 -0.0284318 3.24386
6.13658 -0.716273 -0.716273 4.56939
3.47537 0.139493 0.139493 3.66963
4.05866 -0.470706 -0.470706 3.48658
4.54989 -0.0201457 -0.0201457 3.65402
3.57984 -0.863923 -0.863923 5.52791
5.3203 0.656523 0.656523 3.09973
2.82794 -0.895043 -0.895043 6.85405
6.22677 0.681982 0.681982 2.39692
2.81403 -0.226119 -0.226119 7.38051
9.8735 1.68622 1.68622 2.43194
2.84165 -1.55946 -1.55946 7.55062
7.01067 1.83088 1.83088 4.00804
3.12477 -1.90096 -1.90096 4.56157
6.55805 3.04775 3.04775 6.45426
4.31263 -1.56801 -1.56801 3.27477
5.24141 3.06524 3.06524 7.20204
4.92205 -1.77428 -1.77428 3.01576
5.45137 2.60712 2.60712 7.69656
3.72793 -1.90943 -1.90943 3.70615
8.12757 5.67878 5.67878 8.36806
4.60289 -2.57755 -2.57755 3.79131
5.05676 2.4923 2.4923 7.32413
5.30149 -1.91884 -1.91884 2.25462
5.84559 3.93333 3.93333 11.4218
4.48754 -0.877069 -0.877069 1.62539
2.76392 1.59123 1.59123 12.3533
6.69057 -0.656296 -0.656296 1.50632
2.6089 0.419996 0.419996 11.6132
7.58517 -0.533379 -0.533379 2.06369
1.65736 0.241858 0.241858 7.07746
12.4751 -0.413631 -0.413631 2.6991
1.62128 0.807371 0.807371 6.21256
14.8368 -0.581849 -0.581849 2.01465
1.22027 0.111323 0.111323 11.3277
14.2063 0.141219 0.141219 2.16244
2.09326 0.0637008 0.0637008 8.01195
9.15418 -1.2612 -1.2612 3.23115
2.11003 0.787369 0.787369 4.46699
12.791 -1.72671 -1.72671 6.01542
1.10801 -0.0739593 -0.0739593 4.12454
15.9519 0.887632 0.887632 5.27845
1.68087 -0.436009 -0.436009 3.41679
8.48964 0.443417 0.443417 3.64212
1.9067 0.187212 0.187212 5.77096
8.7202 0.508734 0.508734 4.00182
1.91377 -0.510329 -0.510329 5.46305
10.0709 -0.0837107 -0.0837107 2.21805
1.91197 0.197093 0.197093 7.55015
11.91 1.02884 1.02884 3.17688
1.44361 -0.789951 -0.789951 6.98934
15.3538 1.74957 1.74957 2.5589
1.26571 -0.206836 -0.206836 8.72849
9.94511 0.341233 0.341233 2.13884
1.63436 -0.0410842 -0.0410842 9.30387
12.5618 -1.5601 -1.5601 1.78556
1.49931 0.674387 0.674387 8.91479
10.0604 -0.756499 -0.756499 2.68684
1.71893 0.415167 0.415167 6.28306
11.7372 -1.6256 -1.6256 2.95053
2.03915 0.792042 0.792042 5.13684
9.90942 -1.80904 -1.80904 4.95421
2.22428 0.810898 0.810898 3.59313
7.53633 -1.95367 -1.95367 4.88217
2.39153 1.65287 1.65287 5.07479
9.78881 -2.32049 -2.32049 3.74319
3.4098 -0.541515 -0.541515 7.45699
7.76649 0.550319 0.550319 2.22934
2.09478 0.337869 0.337869 10.9998
9.7121 -0.398556 -0.398556 1.61987
2.68843 -0.834387 -0.834387 10.0922
7.59491 0.933963 0.933963 1.99526
2.8567 -1.09465 -1.09465 8.08152
8.10216 1.34368 1.34368 2.8812
3.08695 -0.371806 -0.371806 8.16115
6.5328 1.19672 1.19672 2.86766
5.57803 -2.15807 -2.15807 6.0896
4.47399 1.45503 1.45503 3.50514
5.8851 -1.73253 -1.73253 6.59581
4.56015 0.560749 0.560749 4.76912
4.64645 -0.719735 -0.719735 3.6833
6.38308 0.161532 0.161532 4.6945
2.3248 -0.187228 -0.187228 4.1976
6.91864 0.667376 0.667376 4.1486
2.8446 -0.664075 -0.664075 6.16851
7.65492 0.0141904 0.0141904 3.40362
1.63608 -0.331156 -0.331156 4.52747
13.4812 -0.659763 -0.659763 4.60722
1.77394 0.504616 0.504616 4.7993
12.2164 -1.21821 -1.21821 3.86881
2.05737 0.219945 0.219945 5.97998
6.21253 -0.801545 -0.801545 3.31072
3.49041 0.659017 0.659017 7.55762
4.91778 -0.30493 -0.30493 2.39093
4.85785 -0.65723 -0.65723 9.13337
3.25604 0.402494 0.402494 2.00167
4.43229 -1.89532 -1.89532 9.02513
5.90693 1.29391 1.29391 2.80432
5.54867 -0.636241 -0.636241 5.30574
4.2775 0.563781 0.563781 3.43009
3.46219 -0.0806436 -0.0806436 6.40034
5.73192 -0.221765 -0.221765 2.82902
2.94683 1.24239 1.24239 7.60299
7.30559 -0.211893 -0.211893 2.16784
2.64979 1.07457 1.07457 7.09346
11.57 0.1482 0.1482 2.94163
1.59743 -0.462309 -0.462309 5.63287
12.031 1.43205 1.43205 5.1335
1.6042 -0.687905 -0.687905 3.55833
12.2105 0.198309 0.198309 5.54648
1.95988 0.277856 0.277856 2.98065
8.09573 -1.57943 -1.57943 7.43133
1.95471 0.193709 0.193709 2.22277
10.1466 -1.1621 -1.1621 7.45926
1.40853 0.159323 0.159323 2.22201
17.0204 -1.90036 -1.90036 7.24589
1.15824 0.00659732 0.00659732 3.39873
16.2311 0.334707 0.334707 5.55197
2.33276 0.570168 0.570168 3.20652
8.68436 -2.6758 -2.6758 6.04062
3.1806 1.75382 1.75382 3.60616
9.5806 -3.63884 -3.63884 8.94827
2.19007 0.737619 0.737619 2.45815
12.4162 -3.66511 -3.66511 8.80396
1.89884 0.786218 0.786218 2.85528
7.08256 -2.61576 -2.61576 7.61687
3.23427 0.393496 0.393496 2.39404
6.28682 -0.284178 -0.284178 7.68666
2.19491 0.420444 0.420444 2.74769
8.49099 -2.64034 -2.64034 7.29986
2.85303 0.338899 0.338899 3.43381
5.29157 0.347154 0.347154 5.21678
3.22609 0.202591 0.202591 4.80906
4.42454 0.277958 0.277958 3.93597
4.39423 -0.422966 -0.422966 4.78007
5.69732 0.233008 0.233008 4.25002
3.74849 0.07759 0.07759 4.4258
4.12074 0.789877 0.789877 3.577
6.63207 -2.41717 -2.41717 5.55559
3.45352 2.03975 2.03975 6.05608
6.33631 -2.13235 -2.13235 4.62649
4.02663 0.914441 0.914441 4.3252
4.97167 -0.482169 -0.482169 4.98728
3.4452 -0.226689 -0.226689 3.20633
5.97831 0.293003 0.293003 5.31813
2.97696 -0.508232 -0.508232 3.43835
6.25306 0.57065 0.57065 5.31397
3.56263 -0.256257 -0.256257 2.86726
6.42279 1.37237 1.37237 5.18476
2.11129 -0.366149 -0.366149 3.28478
6.90136 0.740918 0.740918 5.52052
2.82135 -0.263748 -0.263748 3.53859
6.58992 0.802415 0.802415 5.69654
2.53071 -0.634642 -0.634642 3.53312
9.61922 -0.436852 -0.436852 5.55172
1.86937 -0.480941 -0.480941 4.54652
11.8942 1.24538 1.24538 5.13104
1.94102 -0.382427 -0.382427 3.95834
10.2189 1.97158 1.97158 4.89777
2.31422 -0.772317 -0.772317 3.29215
5.98673 1.73042 1.73042 6.42748
2.99375 -1.47043 -1.47043 4.68748
10.1455 2.32111 2.32111 4.07162
1.98268 -1.46703 -1.46703 6.43971
10.4209 0.734115 0.734115 3.26017
2.26404 -0.294882 -0.294882 7.8264
8.18674 0.197959 0.197959 2.58274
3.51557 -0.628014 -0.628014 7.93163
4.94445 -0.0859699 -0.0859699 3.71267
4.37941 0.289496 0.289496 4.87773
5.68225 -0.534503 -0.534503 3.50552
5.71832 2.9625 2.9625 5.60926
4.49981 -2.90511 -2.90511 4.53218
8.53517 2.45604 2.45604 4.52151
2.08936 -1.55208 -1.55208 5.63672
7.76024 2.29163 2.29163 4.32174
3.44396 -1.62948 -1.62948 4.5321
8.74076 3.84892 3.84892 5.6449
3.87146 -2.29257 -2.29257 4.42885
6.22738 3.64961 3.64961 6.08143
3.54463 -1.69904 -1.69904 4.1149
6.90337 3.64979 3.64979 8.23404
4.69509 -2.16721 -2.16721 3.35159
6.63564 3.03835 3.03835 7.87087
3.33747 -1.26249 -1.26249 3.02194
6.79113 1.34788 1.34788 5.08271
3.41805 -1.4759 -1.4759 4.95435
6.16601 2.17347 2.17347 4.04356
4.24219 -2.18904 -2.18904 5.29665
5.7618 1.9493 1.9493 5.15746
3.03808 -0.899972 -0.899972 4.73811
8.5048 1.12295 1.12295 2.73772
2.03046 0.00701889 0.00701889 6.79502
5.65778 -0.311703 -0.311703 2.00056
3.04307 0.396264 0.396264 10.5034
9.75629 0.857137 0.857137 2.6569
1.68392 -0.465019 -0.465019 7.07113
11.2847 2.42606 2.42606 4.22739
2.47986 -0.677866 -0.677866 5.16385
7.92501 1.41502 1.41502 4.07131
3.6392 -0.535363 -0.535363 6.99147
6.0047 1.02416 1.02416 2.57147
4.32797 -2.07829 -2.07829 8.94949
5.70069 1.00564 1.00564 1.81176
4.57116 -2.74289 -2.74289 14.4952
5.81712 0.611104 0.611104 1.87813
1.69 -0.882207 -0.882207 8.11249
5.92383 0.728499 0.728499 1.82683
1.73187 -0.748856 -0.748856 4.85589
6.46367 1.17612 1.17612 2.40604
2.13015 -0.443329 -0.443329 8.3017
9.08401 0.552158 0.552158 3.50612
1.14967 -0.148464 -0.148464 4.67911
17.2135 -0.662335 -0.662335 3.92625
0.900028 0.543235 0.543235 5.50071
14.8304 -0.709468 -0.709468 3.65441
1.91018 -0.278926 -0.278926 5.83192
9.52685 0.0786069 0.0786069 6.55575
2.18677 -0.474406 -0.474406 3.40549
9.1771 0.63301 0.63301 5.14399
2.49031 0.554179 0.554179 4.33927
8.64726 -0.913021 -0.913021 3.70599
3.32701 0.158659 0.158659 4.27712
3.90363 -0.216064 -0.216064 3.35089
5.02867 0.0935309 0.0935309 4.4135
3.32766 -0.387812 -0.387812 5.03591
5.20066 1.02598 1.02598 2.91766
5.80659 -2.1706 -2.1706 8.53379
3.52675 -0.230548 -0.230548 2.40124
3.93265 -1.12158 -1.12158 7.30458
6.23463 0.258568 0.258568 2.38028
3.87169 0.325387 0.325387 12.0502
4.52532 -0.243109 -0.243109 1.4639
7.0761 -0.262164 -0.262164 9.05574
3.70695 -0.175806 -0.175806 3.35706
5.48046 0.682308 0.682308 5.7966
4.12692 -0.519928 -0.519928 3.43278
8.03122 0.806681 0.806681 6.0876
2.51266 0.141253 0.141253 2.68821
7.74071 0.415172 0.415172 7.68521
3.20211 0.0367711 0.0367711 2.31264
6.43663 -0.588413 -0.588413 7.13068
2.86148 0.0383393 0.0383393 2.58448
7.59884 -0.0994047 -0.0994047 6.19445
3.13737 0.179921 0.179921 3.48043
7.33769 0.344313 0.344313 6.27521
3.53274 -0.551105 -0.551105 3.33477
5.68594 0.0446014 0.0446014 5.85511
4.44902 -0.277876 -0.277876 4.7321
4.20684 1.57569 1.57569 6.00917
5.96537 -2.78058 -2.78058 6.00176
4.88141 1.76865 1.76865 3.10908
5.78487 -2.57406 -2.57406 7.93009
5.01059 2.54634 2.54634 5.37073
6.31236 -2.66207 -2.66207 4.76427
4.29858 2.28207 2.28207 5.67147
5.08929 -1.96744 -1.96744 3.82984
4.53809 2.72186 2.72186 6.72971
4.79342 -1.88099 -1.88099 3.52253
4.53308 2.43061 2.43061 8.35178
3.74674 -0.926924 -0.926924 3.61407
6.29025 0.472532 0.472532 5.294
2.68535 -0.100527 -0.100527 6.12004
6.35437 0.217832 0.217832 5.1561
2.37925 0.0964628 0.0964628 2.91467
11.7062 1.39832 1.39832 6.13735
2.73562 -0.356745 -0.356745 2.65462
11.1864 0.68379 0.68379 13.9767
1.77938 -0.0997551 -0.0997551 1.10044
10.0873 -0.493329 -0.493329 22.534
2.28858 0.33279 0.33279 0.957423
10.02 -4.6155 -4.6155 18.3668
2.66505 1.80944 1.80944 3.05324
12.8098 -6.26573 -6.26573 8.54417
2.66763 2.02673 2.02673 4.69093
15.1637 -5.35548 -5.35548 6.03715
1.82139 2.11937 2.11937 6.04816
17.7074 -3.91576 -3.91576 6.48891
1.32403 0.465198 0.465198 4.18841
14.8457 -2.10399 -2.10399 6.05714
1.97084 0.583611 0.583611 4.70023
14.5349 -1.27485 -1.27485 6.35372
1.42669 -0.305739 -0.305739 5.44939
16.0386 0.913878 0.913878 3.35776
2.47433 -0.961454 -0.961454 6.0324
14.6211 2.03116 2.03116 5.08574
2.45734 -0.102368 -0.102368 4.80387
7.66073 -0.74427 -0.74427 8.87051
2.65034 0.646112 0.646112 3.47554
8.50422 -0.17293 -0.17293 7.27883
1.88812 -0.444945 -0.444945 5.82307
12.8796 1.83634 1.83634 5.16386
2.16263 -1.23031 -1.23031 5.49693
11.062 1.3621 1.3621 5.85258
2.01897 -0.39969 -0.39969 6.40367
11.5777 1.06807 1.06807 3.68305
3.08311 -0.597712 -0.597712 6.28999
5.14439 0.039468 0.039468 3.96535
3.68405 0.047182 0.047182 5.02075
5.85602 -0.0879411 -0.0879411 8.08997
5.6803 -0.442313 -0.442313 4.06473
5.00678 0.946423 0.946423 9.0336
5.52059 0.0861135 0.0861135 2.68454
5.90599 -0.4853 -0.4853 9.87357
4.16739 0.386888 0.386888 2.64598
5.12703 -1.25809 -1.25809 10.0297
3.15825 0.551642 0.551642 2.00072
9.36442 -2.68623 -2.68623 15.7089
2.9911 0.211963 0.211963 1.18106
8.59696 -0.372738 -0.372738 16.816
4.20809 0.0842477 0.0842477 1.30393
4.34851 0.349488 0.349488 15.6061
8.34668 0.641444 0.641444 1.9804
3.0893 -1.6077 -1.6077 12.0297
10.9045 2.1531 2.1531 2.07448
2.17085 -2.27454 -2.27454 12.4556
19.4643 3.35393 3.35393 2.19984
2.04085 -2.8607 -2.8607 16.2347
11.6895 2.46377 2.46377 1.89031
2.87941 -4.17786 -4.17786 16.4334
13.1471 2.82883 2.82883 1.99501
2.40654 -3.78562 -3.78562 18.6289
16.345 3.08694 3.08694 1.60051
2.60334 -4.12586 -4.12586 19.3207
11.6129 2.27554 2.27554 1.484
3.57096 -3.26606 -3.26606 18.8305
8.1366 1.28367 1.28367 1.40866
3.42422 -1.53793 -1.53793 15.2588
6.72769 0.963323 0.963323 2.07349
3.70233 -1.234 -1.234 8.58512
6.81832 1.53993 1.53993 3.18033
5.34091 -2.69044 -2.69044 6.47585
4.31913 1.43441 1.43441 4.57595
6.65471 -1.6555 -1.6555 6.07394
3.85249 1.10915 1.10915 3.11282
9.42482 -3.51584 -3.51584 8.28819
4.02148 1.16577 1.16577 3.47444
9.88573 -4.40747 -4.40747 7.74239
4.17894 2.35959 2.35959 3.68986
10.0065 -6.09855 -6.09855 8.7399
2.9984 2.7239 2.7239 4.33692
14.8408 -6.26248 -6.26248 8.00286
2.13451 1.1114 1.1114 3.41875
15.8403 -5.82469 -5.82469 8.60617
1.30001 0.562153 0.562153 2.76436
