0 0 0 1 0 70 32 6 0 37 0 0 0 4 70 0 18 2 0 0 15 2 1 0 45 10 4 11 1 0 0 8 0 0 2 8 10 0 24 0 0 43 0 0 0 0 56 0 1 19 0 0 0 0 0 0 0 0 0 0 0 0 0 0 0 0 0 0 0 0 0 0 0 0 0 0 0 0 0 500
0 0 0 0 0 76 37 10 0 49 0 0 0 64 5 0 15 0 0 0 18 1 2 0 43 13 9 7 0 0 0 8 0 0 8 6 12 0 20 0 0 51 0 0 0 0 31 0 15 0 0 0 0 0 0 0 0 0 0 0 0 0 0 0 0 0 0 0 0 0 0 0 0 500
0 0 0 0 0 88 42 5 0 43 0 0 0 60 5 0 19 0 0 0 10 1 0 0 39 13 10 4 0 0 0 6 0 0 6 11 5 0 27 0 0 58 0 0 0 0 32 0 16 0 0 0 0 0 0 0 0 0 0 0 0 0 0 0 0 0 0 0 0 0 500
0 0 0 0 0 83 36 0 8 47 0 0 0 61 5 0 12 0 0 0 10 4 0 0 49 13 8 10 0 0 0 11 0 0 11 15 2 0 28 0 53 0 0 0 0 0 20 0 14 0 0 0 0 0 0 0 0 0 0 0 0 0 0 0 0 0 0 0 0 0 0 0 500
0 0 0 0 0 83 36 0 4 32 0 0 0 79 3 0 12 0 0 0 18 2 0 0 30 12 9 9 0 0 0 15 0 0 9 24 1 0 20 0 59 0 0 0 0 32 0 0 11 0 0 0 0 0 0 0 0 0 0 0 0 0 0 0 0 0 0 0 0 0 0 0 0 0 0 0 0 0 0 0 500
0 0 0 0 0 58 37 0 5 50 0 0 0 76 0 0 13 0 0 0 22 1 0 41 0 7 10 6 0 0 0 15 0 0 6 29 1 0 23 62 0 0 0 0 0 22 0 0 16 0 0 0 0 0 0 0 0 0 0 0 0 0 0 0 0 0 0 0 0 0 0 0 0 0 0 0 0 0 0 0 0 0 0 0 0 0 0 0 0 0 0 0 0 0 0 0 0 0 0 0 0 0 0 0 0 500
0 0 0 0 67 0 28 0 3 60 0 0 0 97 0 0 15 0 0 0 21 2 0 33 0 11 7 5 0 0 0 13 0 5 0 33 0 0 19 55 0 0 0 0 0 12 0 0 14 0 0 0 0 0 0 0 0 0 0 0 0 0 0 0 0 0 0 0 0 0 0 0 0 0 0 0 0 0 0 0 0 0 0 0 0 0 0 0 0 0 500
0 0 0 0 63 0 35 0 3 33 0 0 0 90 0 0 19 0 0 0 34 0 0 49 0 7 16 5 0 0 0 15 0 3 0 30 0 0 25 54 0 0 0 0 0 15 0 0 4 0 0 0 0 0 0 0 0 0 0 0 0 0 0 0 0 0 0 0 0 0 0 0 0 0 0 0 0 0 0 0 0 0 500
0 0 0 0 84 0 32 0 3 33 0 0 0 84 0 0 12 0 0 0 32 0 0 50 0 7 16 6 0 0 0 5 0 5 0 34 0 0 20 62 0 0 0 0 0 10 0 0 5 0 0 0 0 0 0 0 0 0 0 0 0 0 0 0 0 0 0 0 0 0 0 0 0 0 0 0 0 0 0 0 0 0 0 0 0 0 0 0 0 0 0 0 0 0 0 0 0 0 0 0 0 0 0 0 0 0 0 0 500
0 0 0 0 96 0 40 0 0 29 0 0 0 95 0 11 0 0 0 0 36 0 0 43 0 5 14 2 0 0 0 10 0 9 0 28 0 0 8 68 0 0 0 0 0 4 0 0 2 0 0 0 0 0 0 0 0 0 0 0 0 0 0 0 0 0 0 0 0 0 0 0 0 0 0 0 0 0 0 0 0 0 0 0 0 500
0 0 0 0 89 0 51 0 33 0 0 0 0 82 0 0 7 0 0 0 40 0 0 57 0 8 6 0 0 0 0 11 0 6 0 46 0 0 3 57 0 0 0 0 0 2 0 0 2 0 0 0 0 0 0 0 0 0 0 0 0 0 0 0 0 0 0 0 0 0 0 0 0 0 0 0 0 0 0 0 0 0 0 0 0 0 0 0 0 0 0 0 0 0 500
0 0 0 0 109 0 40 0 33 0 0 0 0 72 0 0 12 0 0 48 0 0 0 39 0 8 11 0 0 0 0 12 0 11 0 49 0 0 1 53 0 0 0 0 0 1 0 0 1 0 0 0 0 0 0 0 0 0 0 0 0 0 0 0 0 0 0 0 0 0 0 0 0 0 0 0 0 0 0 0 500
0 0 0 0 105 0 41 0 0 52 0 0 0 66 0 0 6 0 0 43 0 0 0 35 0 6 13 0 0 0 0 11 0 18 0 56 0 4 0 43 0 0 0 0 0 0 0 0 1 0 0 0 0 0 0 0 0 0 0 0 0 0 0 0 0 0 0 0 0 0 0 0 0 0 0 0 0 0 0 0 0 0 0 0 0 0 0 0 0 0 0 0 0 500
0 0 0 0 118 0 32 0 0 40 0 0 0 64 0 0 8 0 0 60 0 0 0 41 0 5 11 0 0 0 0 10 0 11 0 57 0 2 0 40 0 0 0 0 0 0 0 0 1 0 0 0 0 0 0 0 0 0 0 0 0 0 0 0 0 0 0 0 0 0 0 0 0 0 0 0 0 0 0 0 0 0 0 0 0 500
0 0 0 0 132 0 37 0 0 39 0 0 0 0 53 0 9 0 0 42 0 0 0 53 0 7 12 0 0 0 6 0 0 2 0 67 0 1 0 40 0 0 0 0 0 0 0 0 0 0 0 0 0 0 0 0 0 0 0 0 0 0 0 0 0 0 0 0 0 0 0 0 0 0 0 0 0 0 0 0 0 500
0 0 0 0 125 0 28 0 0 38 0 0 0 0 62 0 8 0 0 54 0 0 0 0 67 8 11 0 0 0 2 0 0 2 0 64 0 1 0 30 0 0 0 0 0 0 0 0 0 0 0 0 0 0 0 0 0 0 0 0 0 0 0 0 0 0 0 0 0 0 0 0 0 0 0 0 0 0 0 0 0 0 0 0 0 500
0 0 0 0 109 0 38 0 0 47 0 0 0 0 62 0 9 0 0 69 0 0 0 0 56 9 0 15 0 0 2 0 0 1 0 65 0 3 0 15 0 0 0 0 0 0 0 0 0 0 0 0 0 0 0 0 0 0 0 0 0 0 0 0 500
0 0 0 0 124 0 27 0 0 35 0 1 0 0 56 0 4 0 0 86 0 0 0 0 68 7 0 0 13 0 0 0 0 0 1 67 0 1 0 10 0 0 0 0 0 0 0 0 0 0 0 0 0 0 0 0 0 0 0 0 0 0 0 0 0 0 0 0 0 0 0 0 0 500
0 0 0 0 126 0 16 0 33 0 0 1 0 0 62 0 3 0 0 80 0 0 0 0 83 6 0 0 6 0 0 0 0 0 0 73 0 0 0 11 0 0 0 0 0 0 0 0 0 0 0 0 0 0 0 0 0 0 0 0 0 0 0 0 0 0 0 0 0 0 0 0 0 0 0 0 0 0 0 0 0 0 0 0 0 0 0 0 0 500
0 0 0 0 0 125 20 0 30 0 0 3 0 0 64 0 1 0 0 75 0 0 0 0 88 7 0 0 10 0 0 0 0 0 0 74 0 0 0 3 0 0 0 0 0 0 0 0 0 0 0 0 0 0 0 0 0 0 0 0 0 0 0 0 0 0 0 0 0 0 0 0 0 0 0 0 0 0 0 0 0 0 0 0 0 0 0 0 0 0 0 0 0 500
0 0 0 0 0 120 32 0 31 0 0 0 4 0 59 0 1 0 71 0 0 0 0 0 88 9 0 0 8 0 0 0 0 0 0 77 0 0 0 0 0 0 0 0 0 0 0 0 0 0 0 0 0 0 0 0 0 0 0 0 0 0 0 0 0 0 0 0 0 0 0 0 0 0 0 500
0 0 0 0 142 0 28 0 24 0 0 0 1 0 53 0 1 0 81 0 0 0 0 0 92 7 0 0 6 0 0 0 0 0 0 65 0 0 0 0 0 0 0 0 0 0 0 0 0 0 0 0 0 0 0 0 0 0 0 500
0 0 0 0 143 0 27 0 29 0 0 0 0 0 0 59 2 0 0 83 0 0 0 0 92 3 0 0 3 0 0 0 0 0 0 59 0 0 0 0 0 0 0 0 0 0 0 0 0 0 0 0 0 0 0 0 0 0 0 0 0 0 0 0 0 500
0 0 0 0 143 0 25 38 0 0 0 0 0 0 0 70 0 0 0 91 0 0 0 0 80 3 0 0 0 0 0 0 0 0 0 50 0 0 0 0 0 0 0 0 0 0 0 0 0 0 0 0 0 0 0 0 0 0 0 0 0 0 0 0 0 0 0 0 0 0 0 500
0 0 0 0 126 0 33 46 0 0 0 0 0 0 0 86 0 0 0 90 0 0 0 0 79 3 0 0 0 0 0 0 0 0 0 37 0 0 0 0 0 0 0 0 0 0 0 0 0 0 0 0 0 0 0 0 0 0 0 0 0 0 0 0 0 0 0 500
0 0 0 0 137 0 37 58 0 0 0 0 0 0 0 69 0 0 0 92 0 0 0 0 72 1 0 0 0 0 0 0 0 0 0 34 0 0 0 0 0 0 0 0 0 0 0 0 500
0 0 0 0 144 0 36 50 0 0 0 0 0 0 0 57 0 0 0 96 0 0 0 0 85 1 0 0 0 0 0 0 0 0 0 31 0 0 0 0 0 0 0 0 0 0 0 0 0 0 0 0 0 0 0 0 0 0 0 0 0 0 0 0 0 0 0 0 0 0 0 0 500
0 0 0 0 142 0 41 65 0 0 0 0 0 0 0 39 0 0 0 94 0 0 0 0 92 0 0 0 0 0 0 0 0 0 0 27 0 0 0 0 0 0 0 0 0 0 0 0 0 0 0 0 0 0 0 0 0 0 0 500
0 0 0 0 143 0 61 43 0 0 0 0 0 0 0 0 46 0 0 97 0 0 0 0 91 0 0 0 0 0 0 0 0 0 0 19 0 0 0 0 0 0 0 0 0 0 0 0 0 0 0 0 0 0 0 0 0 0 0 0 0 0 0 0 0 0 0 0 500
0 0 0 0 142 0 71 41 0 0 0 0 0 0 0 0 49 0 95 0 0 0 0 0 88 0 0 0 0 0 0 0 0 0 0 14 0 0 0 0 0 0 0 0 0 0 0 0 0 0 0 0 0 0 0 0 500
0 0 0 0 161 0 60 38 0 0 0 0 0 0 0 41 0 0 97 0 0 0 0 0 94 0 0 0 0 0 0 0 0 0 0 9 0 0 0 0 0 0 0 0 0 0 0 0 0 0 0 0 0 0 0 0 0 0 0 0 0 0 500
0 0 0 0 179 0 47 46 0 0 0 0 0 0 0 37 0 96 0 0 0 0 0 0 89 0 0 0 0 0 0 0 0 0 0 6 0 0 0 0 0 0 0 0 0 0 0 0 0 0 0 0 0 0 0 0 0 0 0 0 0 0 500
0 0 0 0 173 0 51 48 0 0 0 0 0 0 0 39 0 96 0 0 0 0 0 0 89 0 0 0 0 0 0 0 0 0 0 4 0 0 0 0 0 0 0 0 0 0 0 0 0 0 0 0 500
0 0 0 0 158 0 60 58 0 0 0 0 0 0 0 34 0 97 0 0 0 0 0 90 0 0 0 0 0 0 0 0 0 0 0 3 0 0 0 0 0 0 0 0 0 0 0 0 0 0 0 0 0 500
0 0 0 0 154 0 60 55 0 0 0 0 0 0 0 42 0 98 0 0 0 0 0 91 0 0 0 0 0 0 0 0 0 0 0 0 0 0 0 0 0 0 0 0 0 0 0 0 0 0 0 0 0 500
0 0 0 0 146 0 61 63 0 0 0 0 0 0 41 0 0 97 0 0 0 0 0 92 0 0 0 0 0 0 0 0 0 0 0 0 0 0 0 0 0 0 0 0 0 0 0 0 0 0 0 0 0 0 0 0 0 0 0 0 500
0 0 0 0 136 0 67 73 0 0 0 0 0 0 0 33 0 96 0 0 0 0 95 0 0 0 0 0 0 0 0 0 0 0 0 0 0 0 0 0 0 0 0 0 0 0 0 0 0 0 0 0 0 0 0 0 0 0 0 0 0 0 0 0 0 500
0 0 0 0 137 0 68 66 0 0 0 0 0 0 37 0 0 97 0 0 0 0 95 0 0 0 0 0 0 0 0 0 0 0 0 0 0 0 0 0 0 0 0 0 0 0 0 0 0 0 0 0 0 0 0 0 0 0 0 0 0 500
0 0 0 127 0 86 0 71 0 0 0 0 0 0 33 0 0 97 0 0 0 0 86 0 0 0 0 0 0 0 0 0 0 0 0 0 0 0 0 0 0 0 500
0 0 0 130 0 81 0 88 0 0 0 0 0 0 23 0 0 95 0 0 0 0 83 0 0 0 0 0 0 0 0 0 0 0 0 0 0 0 0 0 0 0 0 0 0 0 0 500
0 0 0 0 122 93 0 0 88 0 0 0 0 0 19 0 0 96 0 0 0 0 82 0 0 0 0 0 0 0 0 0 0 500
0 0 0 0 127 94 0 0 69 0 0 0 0 0 27 0 0 99 0 0 0 0 84 0 0 0 0 0 0 0 0 0 0 0 0 0 0 0 0 0 0 0 0 0 0 0 0 0 0 0 0 0 0 0 500
0 0 0 0 132 100 0 58 0 0 0 0 0 0 28 0 0 90 0 0 0 0 92 0 0 0 0 0 0 0 0 0 0 0 0 0 0 0 0 0 0 0 0 0 0 0 0 0 0 500
0 0 0 0 136 87 0 56 0 0 0 0 0 0 29 0 0 94 0 0 0 0 98 0 0 0 0 0 0 0 0 0 0 0 0 0 500
0 0 0 0 71 146 0 61 0 0 0 0 0 0 35 0 0 87 0 0 0 0 100 0 0 0 0 0 0 0 0 0 0 0 0 0 0 0 0 0 500
0 0 0 0 59 0 156 71 0 0 0 0 0 0 31 0 0 85 0 0 0 0 98 0 0 0 0 0 0 0 0 0 0 0 0 0 0 0 0 0 0 0 0 0 0 0 0 0 0 0 0 500
0 0 0 0 55 0 164 0 68 0 0 0 0 0 30 0 84 0 0 0 0 0 99 0 0 0 0 0 0 0 0 0 0 0 0 0 0 0 0 0 500
0 0 0 0 54 0 156 0 70 0 0 0 0 0 0 29 91 0 0 0 0 0 100 0 0 0 0 0 0 0 0 0 0 0 0 0 0 0 0 0 0 0 0 0 0 0 0 0 500
0 0 0 0 64 164 0 0 60 0 0 0 0 0 0 25 0 88 0 0 0 0 99 0 0 0 0 0 0 0 0 0 0 0 0 0 0 0 0 0 0 500
0 0 0 0 58 169 0 0 57 0 0 0 0 0 0 26 0 92 0 0 0 0 98 0 0 0 0 0 0 0 0 0 0 0 0 0 0 0 0 500
0 0 0 0 61 170 0 0 51 0 0 0 0 0 0 31 0 91 0 0 0 0 96 0 0 0 0 0 0 0 0 0 0 0 0 0 0 0 0 0 0 0 0 0 0 0 0 0 0 0 0 500
0 0 0 0 55 172 0 0 57 0 0 0 0 0 0 30 0 93 0 0 0 0 93 0 0 0 0 0 0 0 0 0 0 0 0 500
0 0 0 0 56 173 0 0 53 0 0 0 0 0 0 0 30 94 0 0 0 0 94 0 0 0 0 0 0 0 0 0 0 0 0 0 0 0 0 0 0 0 0 0 0 0 0 0 0 0 0 0 0 0 0 0 0 0 0 0 0 0 0 0 0 0 0 0 0 0 0 0 0 0 0 0 0 0 0 500
0 0 0 0 49 186 0 0 45 0 0 0 0 0 0 0 30 93 0 0 0 0 97 0 0 0 0 0 0 0 0 0 0 0 0 0 0 0 0 0 0 0 0 500
0 0 0 0 43 197 0 0 38 0 0 0 0 0 0 0 34 93 0 0 0 0 95 0 0 0 0 0 0 0 0 0 0 0 500
0 0 0 37 0 201 0 0 44 0 0 0 0 0 0 0 32 91 0 0 0 0 95 0 0 0 0 0 0 0 0 0 0 0 0 0 0 0 500
0 0 0 35 200 0 0 0 44 0 0 0 0 0 0 35 0 90 0 0 0 0 96 0 0 0 0 0 0 0 0 0 0 0 0 0 0 0 0 0 0 500
0 0 0 203 35 0 0 0 30 0 0 0 0 0 0 43 95 0 0 0 0 0 94 0 0 0 0 0 0 0 0 0 0 0 0 0 0 0 0 0 0 0 0 0 0 0 0 0 0 0 0 0 0 0 0 0 0 0 500
0 0 0 211 30 0 0 0 28 0 0 0 0 0 0 37 99 0 0 0 0 95 0 0 0 0 0 0 0 0 0 0 0 0 500
0 0 0 213 37 0 0 0 26 0 0 0 0 0 0 28 98 0 0 0 0 98 0 0 0 0 0 0 0 0 0 0 0 0 0 0 0 500
0 0 217 0 0 43 0 0 25 0 0 0 0 0 0 23 96 0 0 0 0 96 0 0 0 0 0 0 0 500
0 206 0 0 0 48 0 0 0 23 0 0 0 0 0 29 100 0 0 0 0 94 0 0 0 0 0 0 0 0 0 0 0 0 0 0 0 0 500
0 202 0 0 0 59 0 0 0 21 0 0 0 0 0 29 98 0 0 0 0 91 0 0 0 0 0 0 0 0 0 0 0 0 0 500
0 0 200 0 0 65 0 0 0 21 0 0 0 0 0 23 96 0 0 0 0 93 0 2 0 0 0 0 0 0 0 0 0 0 500
0 0 201 0 0 68 0 0 0 15 0 0 0 0 0 24 98 0 0 0 0 93 0 1 0 0 0 0 0 0 0 0 0 0 0 0 0 500
0 0 196 0 0 75 0 0 0 14 0 0 0 24 0 0 96 0 0 0 0 95 0 0 0 0 0 0 0 0 500
0 0 196 0 0 76 0 0 0 11 0 0 0 24 0 0 97 0 0 0 0 96 0 0 0 0 0 500
0 0 196 0 0 90 0 0 0 6 0 0 0 14 0 98 0 0 0 0 0 96 0 0 0 0 0 0 0 0 0 0 0 0 0 500
0 0 192 0 0 93 0 0 0 6 0 0 0 14 0 100 0 0 0 0 0 95 0 0 0 0 0 0 0 0 0 0 0 0 0 0 0 0 0 0 0 0 0 0 500
0 0 189 0 0 97 0 0 0 5 0 0 0 13 100 0 0 0 0 0 0 96 0 0 0 0 0 0 0 0 0 0 0 0 0 0 0 0 0 0 0 0 0 0 0 0 0 0 0 0 0 0 0 0 500
0 0 186 0 0 96 0 0 0 8 0 0 13 0 100 0 0 0 0 0 0 97 0 0 0 0 0 0 0 0 0 0 0 0 0 0 0 0 0 0 0 0 0 500
0 0 192 0 0 96 0 0 0 10 0 0 9 0 99 0 0 0 0 0 0 94 0 0 0 0 0 0 0 0 0 0 0 0 0 0 0 0 0 0 0 0 0 0 0 0 0 0 0 0 0 0 0 500
0 0 190 0 0 98 0 0 0 10 0 0 5 0 100 0 0 0 0 0 0 97 0 0 0 0 0 0 0 0 0 0 0 0 0 0 500
0 0 190 0 0 99 0 0 8 0 0 0 6 0 98 0 0 0 0 0 0 99 0 0 0 0 0 0 0 0 0 0 0 0 0 0 0 0 0 0 0 0 0 0 0 0 0 0 0 0 0 0 0 0 0 0 0 0 0 0 0 0 0 0 0 0 0 0 0 0 0 0 500
0 0 191 0 0 100 0 0 5 0 0 0 6 99 0 0 0 0 0 0 0 99 0 0 0 0 0 0 0 0 0 500
0 0 193 0 100 0 0 0 3 0 0 0 7 97 0 0 0 0 0 0 0 100 0 0 0 0 0 0 0 500
0 0 192 0 100 0 0 0 3 0 0 0 6 99 0 0 0 0 0 0 0 100 0 0 0 0 0 0 0 0 0 0 0 0 500
0 195 0 0 100 0 0 0 0 0 0 0 6 99 0 0 0 0 0 0 0 100 0 0 0 0 0 0 0 0 0 500
0 195 0 0 100 0 0 0 0 0 0 0 6 114 0 0 0 0 0 0 0 85 0 0 0 0 0 0 0 0 0 0 0 0 0 0 0 0 0 0 0 0 0 500
197 0 0 0 100 0 0 0 0 0 0 0 4 113 0 0 0 0 0 0 0 86 0 0 0 500
195 0 0 0 99 0 0 0 0 0 0 0 8 105 0 0 0 0 0 0 0 93 0 0 0 0 0 0 0 0 0 0 0 0 0 0 0 500
196 0 0 0 100 0 0 0 0 0 0 0 6 99 0 0 0 0 0 0 0 99 0 0 0 0 0 0 0 0 0 0 500
196 0 0 0 100 0 0 0 0 0 0 0 5 99 0 0 0 0 0 0 100 0 0 0 0 0 0 0 0 0 0 0 0 0 0 0 0 0 0 0 0 0 0 0 0 0 0 0 0 0 500
211 0 0 0 99 0 0 0 0 0 0 0 6 0 84 0 0 0 0 0 100 0 0 0 0 0 0 0 0 0 0 0 0 0 0 0 0 0 0 0 500
214 0 0 97 0 0 0 0 0 0 0 0 0 0 89 0 0 0 0 0 100 0 0 0 0 0 0 0 0 0 0 0 0 0 0 0 0 0 500
213 0 0 100 0 0 0 0 0 0 0 0 0 0 95 0 0 0 0 0 92 0 0 0 0 0 0 0 0 0 0 0 0 0 0 0 0 0 0 0 0 0 0 0 0 0 0 500
212 0 0 100 0 0 0 0 0 0 0 0 0 0 96 0 0 0 0 0 92 0 0 0 0 0 0 0 0 0 0 0 0 0 0 0 0 0 0 0 0 0 0 0 0 0 0 0 0 0 0 0 0 0 0 0 0 0 0 0 0 0 0 0 0 0 500
209 0 0 100 0 0 0 0 0 0 0 0 0 0 98 0 0 0 0 0 93 0 0 0 0 0 0 0 0 0 0 0 0 0 0 500
211 0 0 100 0 0 0 0 0 0 0 0 0 0 96 0 0 0 0 0 93 0 0 0 0 0 0 0 0 0 0 0 0 0 500
208 0 0 100 0 0 0 0 0 0 0 0 0 0 96 0 0 0 0 0 96 0 0 0 0 0 0 0 0 0 0 0 0 500
206 0 0 100 0 0 0 0 0 0 0 0 0 0 98 0 0 0 0 0 96 0 0 0 0 0 0 0 0 0 0 0 0 0 0 0 0 0 0 0 0 0 0 0 500
203 0 0 100 0 0 0 0 0 0 0 0 0 0 98 0 0 0 0 0 99 0 0 0 0 0 0 0 0 0 0 0 0 0 0 0 0 0 500
202 0 0 100 0 0 0 0 0 0 0 0 0 0 99 0 0 0 0 0 99 0 0 0 0 0 0 0 0 0 0 0 0 500
201 0 0 0 100 0 0 0 0 0 0 0 0 0 99 0 0 0 0 0 100 0 0 0 0 0 0 0 0 0 0 0 500
202 0 0 0 100 0 0 0 0 0 0 0 0 0 100 0 0 0 0 0 98 0 0 0 0 0 500
201 0 0 0 100 0 0 0 0 0 0 0 0 0 100 0 0 0 0 0 99 0 0 0 0 0 0 0 0 500
200 0 0 0 100 0 0 0 0 0 0 0 0 0 100 0 0 0 0 0 100 0 0 0 0 0 0 0 0 0 0 0 0 0 0 0 500
210 0 0 0 100 0 0 0 0 0 0 0 0 0 86 0 0 0 0 104 0 0 0 0 0 0 0 500
209 0 0 0 100 0 0 0 0 0 0 0 0 0 94 0 0 0 0 97 0 0 0 0 0 0 0 0 0 0 500
209 0 0 0 98 0 0 0 0 0 0 0 0 0 98 0 0 0 0 95 0 0 0 0 0 0 0 0 0 0 0 0 0 0 0 0 500
208 0 0 0 98 0 0 0 0 0 0 0 0 98 0 0 0 0 0 96 0 0 0 0 0 0 0 0 0 0 0 0 0 0 0 0 500
220 0 0 0 98 0 0 0 0 0 0 0 0 83 0 0 0 0 0 99 0 0 0 0 0 0 0 0 0 0 0 0 0 0 0 0 0 0 0 0 0 0 0 500
216 0 0 0 100 0 0 0 0 0 0 0 0 85 0 0 0 0 99 0 0 0 0 0 0 0 0 500
215 0 0 0 100 0 0 0 0 0 0 0 0 86 0 0 0 99 0 0 0 0 0 0 0 0 0 0 0 0 0 0 0 500
209 0 0 0 100 0 0 0 0 0 0 0 0 92 0 0 0 99 0 0 0 0 0 0 0 0 0 0 0 0 0 0 0 500
209 0 0 0 100 0 0 0 0 0 0 0 0 92 0 0 0 99 0 0 0 0 0 0 0 500
205 0 0 0 100 0 0 0 0 0 0 0 0 95 0 0 0 100 0 0 0 0 0 0 0 0 0 500
205 0 0 0 99 0 0 0 0 0 0 0 0 96 0 0 0 100 0 0 0 0 0 0 0 0 0 0 0 0 0 0 0 0 0 0 500
202 0 0 0 99 0 0 0 0 0 0 0 0 99 0 0 0 100 0 0 0 0 0 500
202 0 0 0 99 0 0 0 0 0 0 0 0 99 0 0 0 100 0 0 0 0 0 0 0 0 0 0 0 0 0 0 0 0 0 500
205 0 0 0 100 0 0 0 0 0 0 0 0 99 0 0 0 96 0 0 0 0 0 0 0 0 0 0 0 0 0 0 0 0 0 0 0 0 0 500
213 0 0 0 100 0 0 0 0 0 0 0 88 0 0 0 0 99 0 0 0 0 0 0 0 0 0 0 0 0 0 0 0 0 500
209 0 0 0 100 0 0 0 0 0 0 0 92 0 0 0 0 99 0 0 0 0 0 0 0 0 0 0 0 0 0 0 500
206 0 0 0 100 0 0 0 0 0 0 0 96 0 0 0 0 98 0 0 0 0 0 500
206 0 1 0 100 0 0 0 0 0 0 0 94 0 0 0 0 99 0 0 0 0 500
202 0 1 100 0 0 0 0 0 0 0 0 98 0 0 0 0 99 0 0 0 0 0 0 0 0 0 0 0 0 0 0 0 0 0 0 0 0 0 0 500
200 0 2 100 0 0 0 0 0 0 0 0 98 0 0 0 100 0 0 0 0 0 0 0 0 0 0 0 0 0 0 0 0 500
199 0 1 100 0 0 0 0 0 0 0 0 100 0 100 0 0 0 0 0 0 0 0 0 0 0 0 0 0 0 0 0 0 500
199 1 0 100 0 0 0 0 0 0 0 100 0 0 100 0 0 0 0 0 500
200 0 0 100 0 0 0 0 0 0 0 100 0 0 100 0 0 0 0 0 0 0 0 0 0 0 0 0 500
201 0 0 100 0 0 0 0 0 0 0 100 0 0 99 0 0 0 0 0 0 500
210 0 0 90 0 0 0 0 0 0 0 100 0 100 0 0 0 0 0 0 0 0 0 0 0 0 0 0 0 0 0 0 0 0 0 0 0 500
206 0 0 94 0 0 0 0 0 0 0 100 0 100 0 0 0 0 0 500
219 0 0 97 0 0 0 0 0 0 0 84 0 100 0 500
216 0 97 0 0 0 0 0 0 0 0 87 0 100 0 0 0 0 500
211 0 96 0 0 0 0 0 0 0 0 100 93 0 0 0 0 0 0 0 0 0 0 0 0 0 0 0 0 0 0 0 0 0 0 0 0 0 500
208 0 93 0 0 0 0 0 0 0 0 100 98 0 0 0 0 0 0 0 0 0 0 0 1 0 0 0 0 0 0 0 0 0 500
207 0 96 0 0 0 0 0 0 0 0 100 97 0 0 0 0 0 0 0 0 0 0 0 0 0 0 0 500
204 99 0 0 0 0 0 0 0 0 0 100 97 0 0 0 0 0 0 0 500
204 99 0 0 0 0 0 0 0 0 0 100 97 0 0 0 0 0 500
215 100 0 0 0 0 0 0 0 0 0 87 98 0 0 0 0 0 0 0 500
222 99 0 0 0 0 0 0 0 0 0 90 89 0 0 0 0 0 0 500
234 86 0 0 0 0 0 0 0 0 0 85 95 0 0 0 0 0 0 0 0 500
232 96 0 0 0 0 0 0 0 0 0 87 85 0 0 0 0 0 0 0 0 0 0 0 0 0 0 500
252 95 0 0 0 0 0 0 0 0 0 93 60 0 0 0 0 0 0 0 0 0 0 0 0 0 500
245 98 0 0 0 0 0 0 0 0 0 93 64 0 0 0 0 0 0 0 0 500
234 98 0 0 0 0 0 0 0 0 0 97 71 0 0 0 0 0 0 0 500
225 96 0 0 0 0 0 0 0 0 99 0 80 0 0 0 0 500
218 100 0 0 0 0 0 0 0 0 99 0 83 0 0 0 0 0 0 0 0 0 500
214 99 0 0 0 0 0 0 0 100 0 0 87 0 0 0 0 500
211 100 0 0 0 0 0 0 0 89 0 0 100 0 0 500
217 100 0 0 0 0 0 0 0 92 0 0 91 0 0 0 0 0 0 0 0 500
221 99 0 0 0 0 0 0 0 0 87 0 93 0 0 0 0 0 500
220 100 0 0 0 0 0 0 0 0 0 84 96 0 0 500
227 98 0 0 0 0 0 0 0 0 0 85 90 0 0 0 0 500
218 99 0 0 0 0 0 0 0 0 89 0 94 0 0 500
212 100 0 0 0 0 0 0 0 0 92 0 96 0 0 0 0 0 0 0 0 0 0 0 500
209 100 0 0 0 0 0 0 0 0 94 0 97 0 0 0 0 0 500
206 100 0 0 0 0 0 0 0 98 0 0 96 0 0 0 0 500
205 100 0 0 0 0 0 0 0 99 0 96 0 0 0 0 500
203 100 0 0 0 0 0 0 99 0 0 98 0 0 0 0 0 0 0 0 0 500
201 100 0 0 0 0 0 0 100 0 0 99 0 0 0 500
216 100 0 0 0 0 0 100 0 0 0 84 0 500
218 95 0 0 0 0 96 0 0 0 0 91 0 0 0 0 0 0 0 0 0 0 0 0 0 0 0 500
212 98 0 0 0 0 95 0 0 0 95 0 0 0 0 0 0 0 500
218 97 0 0 0 0 96 0 0 0 89 0 0 0 0 0 0 0 0 0 0 0 0 0 0 0 0 500
213 98 0 0 0 0 99 0 0 90 0 0 0 0 0 0 0 0 0 0 0 500
218 100 0 0 0 0 92 0 90 0 0 0 0 0 0 0 500
214 100 0 0 0 0 92 94 0 0 0 0 0 0 0 0 0 0 0 500
209 100 0 0 0 0 93 98 0 0 0 500
206 100 0 0 0 0 95 99 0 0 0 0 0 0 500
205 100 0 0 96 0 0 99 0 0 500
211 100 0 0 101 0 0 88 0 0 500
206 100 0 0 100 94 0 0 0 0 0 500
205 98 0 100 0 97 0 0 500
204 98 100 0 98 0 0 0 0 0 0 0 0 0 0 500
203 99 98 100 0 0 500
212 89 100 99 0 0 0 500
95 207 100 98 0 0 0 500
206 94 100 100 0 0 0 500
204 90 109 97 0 0 0 0 0 500
204 99 95 102 0 0 0 500
218 91 99 92 0 500
224 82 96 98 0 0 0 500
220 85 98 97 0 500
214 86 100 100 0 500
211 100 89 100 0 0 0 500
209 100 100 91 0 0 0 0 0 0 500
208 100 108 84 0 500
209 99 99 93 500
99 207 96 98 0 0 0 500
99 208 104 89 0 500
100 203 101 96 0 0 0 500
73 218 100 109 500
82 98 218 102 0 500
97 89 216 98 500
99 214 91 96 500
99 230 90 81 0 500
88 224 88 100 0 0 0 0 0 0 500
89 223 100 88 0 500
92 214 94 100 0 0 500
209 94 97 100 500
210 100 96 94 0 0 500
206 100 97 97 0 0 0 0 0 500
100 203 98 99 0 0 500
90 212 100 98 0 500
100 215 87 98 500
210 100 90 100 0 500
207 96 97 100 0 0 0 500
203 99 100 98 0 0 500
202 95 99 104 0 500
203 100 100 97 500
201 100 99 100 0 0 0 500
210 99 91 100 0 0 0 500
99 204 97 100 0 500
99 204 100 97 0 0 0 0 0 500
100 102 200 98 0 500
97 203 105 95 0 0 0 500
206 100 100 94 500
204 100 100 96 0 500
202 98 100 100 0 500
202 100 99 99 500
203 98 100 99 0 500
99 201 100 99 1 0 500
99 202 100 99 0 0 0 0 0 500
100 201 100 99 0 0 0 0 0 0 500
201 100 100 99 0 0 0 0 500
200 100 100 100 0 0 0 0 0 500
215 100 100 85 0 500
213 100 100 87 0 0 0 0 0 0 500
207 100 99 94 500
201 100 99 100 0 0 0 500
201 100 100 99 500
206 100 98 96 0 500
221 100 99 80 0 500
219 100 100 81 0 500
213 100 99 88 500
220 100 88 92 0 500
213 94 99 94 0 500
207 96 106 91 500
209 96 102 93 500
210 96 98 96 500
97 204 100 99 500
98 202 100 100 0 500
100 200 100 100 0 0 0 0 0 500
100 200 100 100 500
100 202 100 98 0 0 0 0 0 0 0 500
201 100 100 99 0 0 0 0 500
202 100 100 98 500
207 99 100 94 500
204 100 99 97 0 0 0 500
205 97 100 98 0 500
206 98 99 97 0 0 0 0 0 500
202 113 99 86 0 0 500
202 108 99 91 0 0 0 0 0 0 0 0 500
200 99 103 98 0 500
202 97 100 101 500
208 101 98 93 0 500
209 100 100 91 0 500
208 100 98 94 0 0 0 0 0 500
207 100 96 97 500
96 205 98 101 0 0 0 0 500
92 207 96 105 500
98 205 101 96 500
99 218 100 83 500
214 101 99 86 0 500
209 100 98 93 0 0 500
203 100 99 98 0 0 500
201 100 100 99 500
214 86 100 100 0 0 0 0 500
90 212 96 102 500
98 219 99 84 0 0 0 500
98 217 99 86 0 500
211 99 98 92 0 0 0 0 0 0 0 0 0 500
205 99 96 100 0 0 0 500
202 99 100 99 0 0 0 500
202 100 99 99 500
100 202 99 99 500
108 201 91 100 500
200 105 95 100 500
201 100 99 100 500
210 91 99 100 500
205 96 100 99 0 0 0 0 0 0 500
203 98 100 99 0 500
215 100 87 98 500
228 94 99 79 0 0 0 500
231 94 94 81 500
98 223 91 88 0 500
99 217 92 92 0 0 500
98 221 87 94 500
99 220 96 85 500
99 216 96 89 500
94 98 215 93 500
94 232 99 75 500
99 64 256 81 0 0 0 0 0 0 500
100 69 248 83 0 0 500
79 100 238 83 500
78 237 100 85 500
85 228 100 87 0 0 500
84 227 100 89 0 500
224 83 100 93 0 500
220 100 84 96 0 0 0 500
213 100 100 87 0 500
209 99 100 92 500
206 99 100 95 500
203 101 98 98 500
205 97 98 100 500
207 97 96 100 500
223 101 81 95 0 0 500
220 100 92 88 0 0 500
222 90 99 89 500
214 95 100 91 0 0 0 500
224 96 84 96 500
229 92 91 88 0 0 0 0 500
229 87 93 91 0 0 0 0 0 500
215 92 95 98 0 0 0 0 500
211 96 94 99 0 500
208 96 96 100 500
98 207 96 99 500
207 98 96 99 0 0 500
98 208 95 99 500
99 208 96 97 500
99 204 98 99 500
94 207 99 100 500
97 205 100 98 500
203 99 100 98 500
100 202 100 98 0 0 500
99 204 97 100 500
102 206 97 95 0 500
99 100 201 100 500
74 100 226 100 500
79 224 97 100 500
217 85 98 100 500
211 98 100 91 500
219 100 89 92 500
217 100 93 90 500
212 94 94 100 500
219 100 96 85 500
219 100 96 85 500
100 226 78 96 0 0 500
100 218 84 98 500
216 99 86 99 0 500
220 98 86 96 500
218 86 96 100 0 0 0 0 500
91 211 97 100 1 500
95 207 98 100 0 500
99 207 100 94 500
222 100 78 100 500
218 98 100 84 500
98 218 100 84 500
99 215 100 86 500
100 207 93 100 0 500
100 97 203 100 500
100 98 202 100 0 0 0 500
100 201 88 111 0 500
100 200 103 97 0 500
100 202 98 100 0 500
201 100 100 99 500
201 100 99 100 0 500
207 100 93 100 0 500
205 100 100 95 0 500
203 102 98 97 500
202 101 98 99 0 0 0 500
202 100 98 100 500
200 100 95 105 0 0 0 500
201 100 100 99 500
203 100 97 100 500
216 86 100 98 0 500
215 87 100 98 500
211 89 100 100 0 0 500
221 100 100 79 0 0 0 500
220 100 100 80 0 0 0 0 500
242 100 72 86 0 0 0 500
236 100 92 72 500
228 91 100 81 500
226 92 100 82 500
226 92 100 82 0 500
216 100 96 88 500
100 212 97 91 500
211 100 95 94 500
205 98 97 100 0 500
202 100 98 100 500
201 100 99 100 500
202 100 100 98 0 0 500
100 200 100 100 500
100 200 102 98 0 0 500
89 203 100 108 500
94 99 205 102 0 0 500
83 99 204 114 500
97 100 203 100 0 0 0 500
96 204 100 100 0 0 0 500
100 213 100 87 0 500
100 212 98 90 0 500
100 98 210 92 0 500
97 205 100 98 0 500
99 86 215 100 500
98 213 89 100 0 0 500
99 205 100 96 0 0 500
100 203 99 98 0 500
97 214 100 89 0 0 500
98 100 209 93 0 0 0 0 500
100 99 207 94 0 0 500
100 99 206 95 0 0 0 500
100 99 85 216 0 0 0 0 500
100 88 215 97 0 0 500
98 216 91 95 0 0 500
232 95 74 99 0 0 0 0 500
231 95 75 99 500
227 79 95 99 500
248 80 73 99 0 0 500
231 88 81 100 500
225 89 100 86 0 500
219 94 89 98 500
219 95 98 88 0 0 0 500
220 89 99 92 500
212 95 97 96 500
208 98 96 98 500
206 98 97 99 0 500
205 99 100 96 0 0 0 0 500
205 100 99 96 0 500
213 100 91 96 500
100 208 94 98 0 500
100 204 99 97 500
100 203 98 99 500
100 202 98 100 0 0 500
91 209 100 100 0 0 500
206 94 100 100 0 0 500
220 101 80 99 500
214 88 99 99 0 500
214 88 100 98 0 500
215 100 86 99 0 500
215 87 98 100 0 500
89 212 99 100 0 500
209 93 98 100 0 0 500
204 100 95 101 500
202 100 98 100 500
100 201 99 100 500
202 100 100 98 500
211 100 90 99 500
214 98 93 95 0 0 500
224 100 78 98 0 0 0 500
232 86 100 82 0 500
230 96 93 81 0 0 0 500
224 99 83 94 500
223 99 96 82 0 0 500
215 96 99 90 0 500
211 98 93 98 0 500
206 97 99 98 0 0 500
228 99 99 74 500
223 99 99 79 0 0 0 0 500
218 97 100 85 0 500
98 211 100 91 500
98 100 208 94 500
100 96 207 97 0 500
100 206 96 98 0 500
100 205 99 96 0 0 500
86 216 100 98 0 500
90 226 83 101 0 0 0 500
219 92 89 100 0 0 500
213 94 100 93 0 500
221 93 100 86 0 0 0 0 500
215 96 100 89 0 500
220 89 97 94 0 500
76 233 97 94 0 500
77 229 97 97 0 500
255 79 68 98 0 0 0 500
241 80 80 99 0 0 500
253 86 100 61 0 0 0 500
87 246 100 67 0 0 0 0 500
87 239 100 74 0 500
93 227 100 80 0 500
96 219 100 85 0 0 0 0 0 0 500
97 101 213 89 0 0 500
74 228 101 97 500
85 218 98 99 0 0 500
100 211 100 89 0 500
228 92 100 80 0 500
225 92 100 83 0 0 0 0 0 500
222 87 100 91 0 500
217 100 90 93 0 0 500
216 100 89 95 0 500
211 100 98 91 500
208 100 93 99 0 0 500
206 100 99 95 0 500
203 100 100 97 500
201 99 100 100 0 0 0 0 0 0 500
202 99 128 71 0 0 0 0 500
199 124 100 77 0 0 0 500
198 100 124 78 500
196 100 121 83 0 0 500
197 100 118 85 0 0 500
100 201 113 86 0 0 0 0 0 0 500
201 100 105 94 0 500
203 100 99 98 500
100 200 134 66 0 500
100 198 129 73 500
100 199 127 74 500
100 197 132 71 500
197 99 131 73 500
199 99 125 77 0 0 0 0 0 0 500
198 115 99 88 0 0 500
199 116 97 88 0 500
201 98 107 94 0 0 500
201 98 96 105 0 0 0 0 500
201 99 101 99 500
214 87 99 100 0 0 0 500
214 89 100 97 0 0 0 0 500
220 99 100 81 0 500
219 100 81 100 500
213 100 100 87 0 500
