79
73
70
72
80
105
90
82
108
85
94
80
93
85
81
85
64
73
89
93
75
59
65
71
67
48
72
59
68
56
62
62
52
53
53
60
65
61
42
47
33
54
49
36
40
51
40
48
41
39
51
35
79
43
34
38
41
58
34
37
29
38
35
34
37
30
27
35
44
54
43
53
36
72
31
29
34
31
43
25
37
32
50
40
38
47
66
35
34
33
44
38
33
32
26
29
36
27
30
36
36
43
27
33
33
25
27
36
23
35
39
34
32
23
22
40
33
33
20
28
21
37
19
15
18
38
34
28
20
18
20
19
21
27
26
21
20
17
22
17
15
21
18
15
17
15
24
18
17
16
21
15
13
27
18
27
21
16
19
11
14
10
10
11
8
15
6
7
7
7
9
7
5
7
5
5
7
10
5
4
7
5
7
4
5
4
4
5
10
5
6
4
6
9
6
5
4
5
7
6
5
4
7
7
5
9
5
7
4
5
5
4
5
6
9
10
8
9
5
10
4
7
4
5
5
5
4
5
5
4
4
4
4
5
9
4
11
8
4
4
7
5
9
6
12
5
4
5
5
9
4
8
4
4
4
5
6
6
4
8
4
7
5
13
7
7
4
4
4
4
4
4
10
5
4
7
4
5
6
4
4
4
4
4
10
6
4
4
6
5
5
7
5
4
4
4
4
4
6
6
4
7
4
8
9
8
5
4
4
6
4
4
4
4
4
4
6
4
5
4
4
4
4
4
4
4
4
4
4
6
4
5
4
8
5
5
4
4
4
4
4
5
4
7
5
5
5
4
5
5
5
4
7
4
7
4
4
5
4
6
7
8
7
4
4
4
5
4
4
4
5
4
4
6
4
6
4
6
4
7
7
5
5
5
5
4
6
6
5
6
8
6
7
8
6
6
8
4
4
6
4
5
4
7
4
4
4
5
8
5
4
5
4
4
6
6
6
4
5
5
5
5
5
6
4
4
4
4
4
6
7
5
7
4
6
5
5
6
4
8
5
4
4
5
5
6
5
7
6
5
8
5
5
5
5
7
6
7
8
5
5
10
6
4
6
5
5
9
5
6
5
4
6
5
4
10
8
7
4
6
6
10
5
4
5
4
4
4
4
10
6
5
6
8
4
7
8
5
4
5
