500
2
var1
var2
0
0 1.19064 1.554533
0 0.07425276 2.522285
0 1.461887 1.739384
0 0.7954469 3.560877
0 1.13462 1.172872
0 0.5252065 2.348207
0 1.445826 3.143363
0 0.7018669 1.879442
0 1.010065 2.132966
0 0.1901301 2.766945
0 1.151418 2.391579
0 0.8413641 1.356809
0 0.9850526 1.576148
0 1.58407 2.884533
0 -0.09417682 1.024271
0 -0.380519 2.299064
0 1.700269 1.499487
0 1.046848 1.2995
0 0.7351482 1.350761
0 0.6938963 2.426459
0 0.7475393 2.132558
0 -0.6952501 2.624558
0 0.3211319 2.339486
0 0.9846526 0.9438408
0 1.507152 1.023688
0 1.371312 1.615811
0 0.1746355 1.850035
0 1.304981 2.333373
0 0.4926604 1.874369
0 1.145392 2.625007
0 1.025271 2.660675
0 0.9379087 2.073965
0 1.945283 2.284034
0 0.6032778 2.440606
0 0.3490965 1.542057
0 0.7172954 2.365378
0 0.2901395 2.389614
0 0.5026269 3.024449
0 0.2289025 2.513126
0 1.025302 1.58161
0 -1.143386 2.130305
0 0.739043 2.267901
0 1.362231 1.84611
0 -0.7429658 1.885446
0 1.789677 0.8506789
0 -0.09898966 3.033787
0 2.198253 2.539524
0 1.776288 2.347734
0 0.5835959 2.505507
0 0.9524538 1.587477
0 1.294278 1.971685
0 0.665815 1.249406
0 1.565764 2.224037
0 0.6377025 1.810256
0 0.924197 1.54803
0 1.774514 2.791078
0 1.959317 2.762164
0 0.6225444 1.564746
0 1.086631 1.468573
0 1.515999 3.456999
0 -0.1729503 1.845094
0 0.6052649 1.060119
0 0.317711 2.167183
0 1.833694 1.851159
0 0.3713754 1.987656
0 -0.10513 2.946564
0 1.983818 3.137283
0 1.192298 1.437088
0 -0.2832897 2.71455
0 0.417316 1.920553
0 0.7522929 2.978883
0 1.834086 2.203404
0 0.9002143 0.9341248
0 1.291351 2.271002
0 2.34067 2.379486
0 1.194288 1.27168
0 0.9149779 0.356397
0 0.8285069 1.867128
0 0.7219475 2.517318
0 0.07794072 2.762344
0 1.32756 0.7103633
0 1.4525 3.805567
0 0.5268109 1.453974
0 0.1035783 1.73282
0 0.5878252 1.741927
0 0.4308952 2.834241
0 0.1043551 2.1329
0 0.4414933 1.244072
0 0.6118287 1.82511
0 1.665893 1.483006
0 0.5727122 1.836823
0 0.9791811 1.8544
0 0.2061186 2.776621
0 2.988086 2.237113
0 1.056396 2.764239
0 1.086969 2.500764
0 0.5693152 2.926789
0 0.17386 2.14398
0 0.7519271 2.296472
0 1.131376 2.095142
0 61.19064 61.55453
0 60.07425 62.52228
0 61.46189 61.73938
0 60.79545 63.56088
0 61.13462 61.17287
0 60.52521 62.34821
0 61.44583 63.14336
0 60.70187 61.87944
0 61.01006 62.13297
0 60.19013 62.76694
0 61.15142 62.39158
0 60.84136 61.35681
0 60.98505 61.57615
0 61.58407 62.88453
0 59.90582 61.02427
0 59.61948 62.29906
0 61.70027 61.49949
0 61.04685 61.2995
0 60.73515 61.35076
0 60.6939 62.42646
0 60.74754 62.13256
0 59.30475 62.62456
0 60.32113 62.33949
0 60.98465 60.94384
0 61.50715 61.02369
0 61.37131 61.61581
0 60.17464 61.85004
0 61.30498 62.33337
0 60.49266 61.87437
0 61.14539 62.62501
0 61.02527 62.66068
0 60.93791 62.07396
0 61.94528 62.28403
0 60.60328 62.44061
0 60.3491 61.54206
0 60.7173 62.36538
0 60.29014 62.38961
0 60.50263 63.02445
0 60.2289 62.51313
0 61.0253 61.58161
0 58.85661 62.1303
0 60.73904 62.2679
0 61.36223 61.84611
0 59.25703 61.88545
0 61.78968 60.85068
0 59.90101 63.03379
0 62.19825 62.53952
0 61.77629 62.34773
0 60.5836 62.50551
0 60.95245 61.58748
0 61.29428 61.97169
0 60.66581 61.24941
0 61.56576 62.22404
0 60.6377 61.81026
0 60.9242 61.54803
0 61.77451 62.79108
0 61.95932 62.76216
0 60.62254 61.56475
0 61.08663 61.46857
0 61.516 63.457
0 59.82705 61.84509
0 60.60526 61.06012
0 60.31771 62.16718
0 61.83369 61.85116
0 60.37138 61.98766
0 59.89487 62.94656
0 61.98382 63.13728
0 61.1923 61.43709
0 59.71671 62.71455
0 60.41732 61.92055
0 60.75229 62.97888
0 61.83409 62.2034
0 60.90021 60.93412
0 61.29135 62.271
0 62.34067 62.37949
0 61.19429 61.27168
0 60.91498 60.3564
0 60.82851 61.86713
0 60.72195 62.51732
0 60.07794 62.76234
0 61.32756 60.71036
0 61.4525 63.80557
0 60.52681 61.45397
0 60.10358 61.73282
0 60.58783 61.74193
0 60.4309 62.83424
0 60.10436 62.1329
0 60.44149 61.24407
0 60.61183 61.82511
0 61.66589 61.48301
0 60.57271 61.83682
0 60.97918 61.8544
0 60.20612 62.77662
0 62.98809 62.23711
0 61.0564 62.76424
0 61.08697 62.50076
0 60.56932 62.92679
0 60.17386 62.14398
0 60.75193 62.29647
0 61.13138 62.09514
0 131.1906 131.5545
0 130.0743 132.5223
0 131.4619 131.7394
0 130.7954 133.5609
0 131.1346 131.1729
0 130.5252 132.3482
0 131.4458 133.1434
0 130.7019 131.8794
0 131.0101 132.133
0 130.1901 132.7669
0 131.1514 132.3916
0 130.8414 131.3568
0 130.9851 131.5761
0 131.5841 132.8845
0 129.9058 131.0243
0 129.6195 132.2991
0 131.7003 131.4995
0 131.0468 131.2995
0 130.7351 131.3508
0 130.6939 132.4265
0 130.7475 132.1326
0 129.3047 132.6246
0 130.3211 132.3395
0 130.9847 130.9438
0 131.5072 131.0237
0 131.3713 131.6158
0 130.1746 131.85
0 131.305 132.3334
0 130.4927 131.8744
0 131.1454 132.625
0 131.0253 132.6607
0 130.9379 132.074
0 131.9453 132.284
0 130.6033 132.4406
0 130.3491 131.5421
0 130.7173 132.3654
0 130.2901 132.3896
0 130.5026 133.0244
0 130.2289 132.5131
0 131.0253 131.5816
0 128.8566 132.1303
0 130.739 132.2679
0 131.3622 131.8461
0 129.257 131.8854
0 131.7897 130.8507
0 129.901 133.0338
0 132.1983 132.5395
0 131.7763 132.3477
0 130.5836 132.5055
0 130.9525 131.5875
0 131.2943 131.9717
0 130.6658 131.2494
0 131.5658 132.224
0 130.6377 131.8103
0 130.9242 131.548
0 131.7745 132.7911
0 131.9593 132.7622
0 130.6225 131.5647
0 131.0866 131.4686
0 131.516 133.457
0 129.827 131.8451
0 130.6053 131.0601
0 130.3177 132.1672
0 131.8337 131.8512
0 130.3714 131.9877
0 129.8949 132.9466
0 131.9838 133.1373
0 131.1923 131.4371
0 129.7167 132.7146
0 130.4173 131.9206
0 130.7523 132.9789
0 131.8341 132.2034
0 130.9002 130.9341
0 131.2914 132.271
0 132.3407 132.3795
0 131.1943 131.2717
0 130.915 130.3564
0 130.8285 131.8671
0 130.7219 132.5173
0 130.0779 132.7623
0 131.3276 130.7104
0 131.4525 133.8056
0 130.5268 131.454
0 130.1036 131.7328
0 130.5878 131.7419
0 130.4309 132.8342
0 130.1044 132.1329
0 130.4415 131.2441
0 130.6118 131.8251
0 131.6659 131.483
0 130.5727 131.8368
0 130.9792 131.8544
0 130.2061 132.7766
0 132.9881 132.2371
0 131.0564 132.7642
0 131.087 132.5008
0 130.5693 132.9268
0 130.1739 132.144
0 130.7519 132.2965
0 131.1314 132.0951
0 181.1906 181.5545
0 180.0743 182.5223
0 181.4619 181.7394
0 180.7954 183.5609
0 181.1346 181.1729
0 180.5252 182.3482
0 181.4458 183.1434
0 180.7019 181.8794
0 181.0101 182.133
0 180.1901 182.7669
0 181.1514 182.3916
0 180.8414 181.3568
0 180.9851 181.5761
0 181.5841 182.8845
0 179.9058 181.0243
0 179.6195 182.2991
0 181.7003 181.4995
0 181.0468 181.2995
0 180.7351 181.3508
0 180.6939 182.4265
0 180.7475 182.1326
0 179.3047 182.6246
0 180.3211 182.3395
0 180.9847 180.9438
0 181.5072 181.0237
0 181.3713 181.6158
0 180.1746 181.85
0 181.305 182.3334
0 180.4927 181.8744
0 181.1454 182.625
0 181.0253 182.6607
0 180.9379 182.074
0 181.9453 182.284
0 180.6033 182.4406
0 180.3491 181.5421
0 180.7173 182.3654
0 180.2901 182.3896
0 180.5026 183.0244
0 180.2289 182.5131
0 181.0253 181.5816
0 178.8566 182.1303
0 180.739 182.2679
0 181.3622 181.8461
0 179.257 181.8854
0 181.7897 180.8507
0 179.901 183.0338
0 182.1983 182.5395
0 181.7763 182.3477
0 180.5836 182.5055
0 180.9525 181.5875
0 181.2943 181.9717
0 180.6658 181.2494
0 181.5658 182.224
0 180.6377 181.8103
0 180.9242 181.548
0 181.7745 182.7911
0 181.9593 182.7622
0 180.6225 181.5647
0 181.0866 181.4686
0 181.516 183.457
0 179.827 181.8451
0 180.6053 181.0601
0 180.3177 182.1672
0 181.8337 181.8512
0 180.3714 181.9877
0 179.8949 182.9466
0 181.9838 183.1373
0 181.1923 181.4371
0 179.7167 182.7146
0 180.4173 181.9206
0 180.7523 182.9789
0 181.8341 182.2034
0 180.9002 180.9341
0 181.2914 182.271
0 182.3407 182.3795
0 181.1943 181.2717
0 180.915 180.3564
0 180.8285 181.8671
0 180.7219 182.5173
0 180.0779 182.7623
0 181.3276 180.7104
0 181.4525 183.8056
0 180.5268 181.454
0 180.1036 181.7328
0 180.5878 181.7419
0 180.4309 182.8342
0 180.1044 182.1329
0 180.4415 181.2441
0 180.6118 181.8251
0 181.6659 181.483
0 180.5727 181.8368
0 180.9792 181.8544
0 180.2061 182.7766
0 182.9881 182.2371
0 181.0564 182.7642
0 181.087 182.5008
0 180.5693 182.9268
0 180.1739 182.144
0 180.7519 182.2965
0 181.1314 182.0951
0 261.1906 261.5545
0 260.0743 262.5223
0 261.4619 261.7394
0 260.7954 263.5609
0 261.1346 261.1729
0 260.5252 262.3482
0 261.4458 263.1434
0 260.7019 261.8794
0 261.0101 262.133
0 260.1901 262.7669
0 261.1514 262.3916
0 260.8414 261.3568
0 260.9851 261.5761
0 261.5841 262.8845
0 259.9058 261.0243
0 259.6195 262.2991
0 261.7003 261.4995
0 261.0468 261.2995
0 260.7351 261.3508
0 260.6939 262.4265
0 260.7475 262.1326
0 259.3047 262.6246
0 260.3211 262.3395
0 260.9847 260.9438
0 261.5072 261.0237
0 261.3713 261.6158
0 260.1746 261.85
0 261.305 262.3334
0 260.4927 261.8744
0 261.1454 262.625
0 261.0253 262.6607
0 260.9379 262.074
0 261.9453 262.284
0 260.6033 262.4406
0 260.3491 261.5421
0 260.7173 262.3654
0 260.2901 262.3896
0 260.5026 263.0244
0 260.2289 262.5131
0 261.0253 261.5816
0 258.8566 262.1303
0 260.739 262.2679
0 261.3622 261.8461
0 259.257 261.8854
0 261.7897 260.8507
0 259.901 263.0338
0 262.1983 262.5395
0 261.7763 262.3477
0 260.5836 262.5055
0 260.9525 261.5875
0 261.2943 261.9717
0 260.6658 261.2494
0 261.5658 262.224
0 260.6377 261.8103
0 260.9242 261.548
0 261.7745 262.7911
0 261.9593 262.7622
0 260.6225 261.5647
0 261.0866 261.4686
0 261.516 263.457
0 259.827 261.8451
0 260.6053 261.0601
0 260.3177 262.1672
0 261.8337 261.8512
0 260.3714 261.9877
0 259.8949 262.9466
0 261.9838 263.1373
0 261.1923 261.4371
0 259.7167 262.7146
0 260.4173 261.9206
0 260.7523 262.9789
0 261.8341 262.2034
0 260.9002 260.9341
0 261.2914 262.271
0 262.3407 262.3795
0 261.1943 261.2717
0 260.915 260.3564
0 260.8285 261.8671
0 260.7219 262.5173
0 260.0779 262.7623
0 261.3276 260.7104
0 261.4525 263.8056
0 260.5268 261.454
0 260.1036 261.7328
0 260.5878 261.7419
0 260.4309 262.8342
0 260.1044 262.1329
0 260.4415 261.2441
0 260.6118 261.8251
0 261.6659 261.483
0 260.5727 261.8368
0 260.9792 261.8544
0 260.2061 262.7766
0 262.9881 262.2371
0 261.0564 262.7642
0 261.087 262.5008
0 260.5693 262.9268
0 260.1739 262.144
0 260.7519 262.2965
0 261.1314 262.0951
