-5006.54 -3565.72 -1440.82
-4902.74 -3495.45 -1407.29
-4833.23 -3478.59 -1354.64
-4842.36 -3459.68 -1382.69
-4798.27 -3431.87 -1366.41
-4707.07 -3387.28 -1319.79
-4659.67 -3366.6 -1293.07
-4717.78 -3405.24 -1312.55
-4603.5 -3367.71 -1235.78
-4593.33 -3387.58 -1205.76
-4548.29 -3387.37 -1160.92
-4553.47 -3370.78 -1182.69
-4536.39 -3359.9 -1176.5
-4507.68 -3350.43 -1157.25
-4455.75 -3318.64 -1137.11
-4417.85 -3318.82 -1099.03
-4504.15 -3349.96 -1154.18
-4418.64 -3337.5 -1081.14
-4305.24 -3302.23 -1003.01
-4227.73 -3231.89 -995.844
-4214.24 -3178.68 -1035.56
-4176.4 -3147.64 -1028.75
-4138.49 -3135.16 -1003.34
-4101.06 -3108.68 -992.379
-4097.44 -3087.04 -1010.4
-4082.05 -3041.29 -1040.76
-4026.44 -3023.26 -1003.19
-4018.32 -3021.25 -997.071
-3970.9 -2960.72 -1010.18
-3996.56 -2992.34 -1004.23
-3930.12 -2971.52 -958.609
-3917.53 -2969.42 -948.105
-3899.4 -2964.89 -934.508
-3924.18 -2937.34 -986.838
-3882.1 -2933.47 -948.631
-3849.9 -2899.6 -950.298
-3863.33 -2910.49 -952.832
-3856.21 -2898.81 -957.401
-3892.7 -2931.86 -960.844
-3892.99 -2919.54 -973.453
-3897.47 -2901.79 -995.678
-3847.54 -2886.2 -961.347
-3867.38 -2890.94 -976.436
-3844.3 -2847.43 -996.873
-3852.99 -2883.19 -969.8
-3853.13 -2890.7 -962.427
-3825.09 -2845.6 -979.49
-3808.04 -2841.69 -966.354
-3831.67 -2874.24 -957.431
-3833.23 -2885.71 -947.518
-3848.08 -2874.89 -973.188
-3853.8 -2910.46 -943.348
-3831.01 -2925.4 -905.603
-3839.2 -2909.36 -929.843
-3842.55 -2905.28 -937.274
-3815.88 -2903.73 -912.151
-3836.64 -2919.09 -917.555
-3775.52 -2888.96 -886.557
-3756.03 -2855.6 -900.429
-3761.63 -2843.19 -918.437
-3790.68 -2887.76 -902.915
-3784.33 -2879.49 -904.836
-3787.67 -2848.52 -939.15
-3778.09 -2824.68 -953.405
-3744.2 -2809.84 -934.361
-3746.35 -2807.01 -939.344
-3707.21 -2787.21 -919.998
-3663.86 -2753.34 -910.526
-3638.9 -2754.94 -883.961
-3610.45 -2728.17 -882.277
-3630.68 -2716.07 -914.605
-3616.49 -2713.39 -903.092
-3595.14 -2670.4 -924.734
-3554.4 -2684.89 -869.513
-3572.77 -2657.88 -914.892
-3570.24 -2667.23 -903.008
-3581.07 -2682.3 -898.768
-3562.53 -2655.07 -907.451
-3699.01 -2838.54 -860.473
-3616.26 -2779.01 -837.255
-3599.07 -2773.81 -825.26
-3565.26 -2723 -842.266
-3529.92 -2676.38 -853.54
-3641.96 -2782.35 -859.604
-3595.71 -2746.65 -849.052
-3564.52 -2751.33 -813.182
-3534.57 -2730.44 -804.123
-3559.6 -2737.03 -822.577
-3570.68 -2728.55 -842.137
-3554.66 -2737.57 -817.085
-3541.25 -2712.58 -828.67
-3538.24 -2698.78 -839.459
-3523.01 -2687.96 -835.048
-3513.06 -2665.78 -847.285
-3534.11 -2682.16 -851.953
-3515.07 -2661.24 -853.829
-3502.82 -2676.34 -826.482
-3738.58 -2885.39 -853.191
-3610.64 -2798.93 -811.713
-3573.78 -2723.37 -850.409
-3566.66 -2729.74 -836.92
-3591.35 -2769.9 -821.45
-3595.76 -2748.27 -847.493
-3573.44 -2756.9 -816.533
-3560.95 -2729.6 -831.356
-3582.61 -2734.49 -848.116
-3545.41 -2712.92 -832.488
-3548.76 -2687.07 -861.692
-3545.62 -2684.84 -860.783
-3526.15 -2689.79 -836.369
-3542.72 -2709.14 -833.579
-3580.26 -2766.02 -814.237
-3570.68 -2753.72 -816.955
-3550.06 -2728.15 -821.911
-3571.05 -2719.78 -851.267
-3540.53 -2702.07 -838.46
-3517.76 -2666.32 -851.437
-3512.87 -2646.7 -866.171
-3529.97 -2653.48 -876.498
-3512 -2678.51 -833.483
-3522.38 -2693.09 -829.292
-3574.29 -2783.35 -790.939
-3557.42 -2742.34 -815.076
-3629.39 -2788.83 -840.563
-3608.1 -2770.14 -837.951
-3558.28 -2745.99 -812.291
-3554.76 -2756.46 -798.302
-3556.06 -2722.04 -834.016
-3543.74 -2706.87 -836.866
-3537.77 -2712.25 -825.514
-3607.49 -2741.36 -866.126
-3690.88 -2892.4 -798.482
-3688.7 -2876.53 -812.162
-3677.04 -2886.69 -790.354
-3684.04 -2907.71 -776.326
-3674.47 -2906.01 -768.456
-3655.16 -2848.13 -807.034
-3632.9 -2820.41 -812.487
-3607.24 -2817.95 -789.286
-3595.78 -2798.94 -796.835
-3569.27 -2737.79 -831.481
-3668.74 -2816.66 -852.085
-3637.89 -2815.95 -821.94
-3619.44 -2782.91 -836.523
-3644.28 -2846.84 -797.437
-3609.54 -2807.9 -801.639
-3580.22 -2761.92 -818.297
-3574.14 -2734.5 -839.639
-3559.53 -2734.1 -825.435
-3552.13 -2706.88 -845.251
-3537.86 -2702.44 -835.426
-3527.57 -2673.71 -853.859
-3799.53 -2943.33 -856.203
-3637.67 -2813.15 -824.52
-3608.07 -2777.73 -830.348
-3614.11 -2810.8 -803.309
-3593.28 -2767.5 -825.778
-3642.1 -2824.36 -817.741
-3610.26 -2794.59 -815.674
-3575.54 -2733.75 -841.791
-3554.42 -2723.65 -830.774
-3553.3 -2716.99 -836.315
-3583.53 -2750.8 -832.734
-3548.85 -2706.56 -842.29
-3546.02 -2724.5 -821.528
-3537.43 -2689.61 -847.815
-3537 -2712.07 -824.933
-3592.83 -2765.1 -827.727
-3556.79 -2731.99 -824.792
-3552.05 -2730.11 -821.938
-3633.62 -2806.75 -826.87
-3573.93 -2777.76 -796.169
-3666.1 -2861.44 -804.657
-3634.4 -2845.78 -788.623
-3621.83 -2834.43 -787.397
-3596.44 -2803 -793.441
-3562.87 -2737.03 -825.843
-3558.48 -2719.83 -838.646
-3747.6 -2890.65 -856.945
-3618.99 -2808.3 -810.688
-3678.28 -2883.19 -795.094
-3656.81 -2885.91 -770.908
-3569.44 -2779.8 -789.64
-3824.58 -3007.77 -816.805
-3674.71 -2896.81 -777.898
-3649.18 -2880.14 -769.034
-3628.26 -2851.02 -777.248
-3671.31 -2875.6 -795.71
-3619.96 -2846.6 -773.358
-3616.82 -2806.4 -810.425
-3593.93 -2785.16 -808.766
-3564.75 -2743.55 -821.203
-3569.7 -2741.39 -828.318
-3553.56 -2724.64 -828.921
-3528.74 -2694.14 -834.598
-3580.27 -2772.64 -807.636
-3587.08 -2766.74 -820.34
-3564.53 -2735.99 -828.534
-3562.51 -2722.15 -840.354
-3535.87 -2715.48 -820.39
-3588.29 -2745.23 -843.065
-3544.44 -2739.68 -804.764
-3521.54 -2676.17 -845.369
-3571.53 -2735.87 -835.665
-3538.29 -2703.07 -835.219
-3541.73 -2707.21 -834.517
-3732.73 -2899.59 -833.136
-3588.83 -2764.3 -824.528
-3564.21 -2745.34 -818.875
-3543.46 -2692.32 -851.139
-3532.39 -2695.23 -837.158
-3520.32 -2676.33 -843.992
-3520.62 -2682.04 -838.585
-48236 -47389.5 -846.518
-3542.34 -2690.18 -852.16
-3520.26 -2673.25 -847.016
-3521.51 -2673.3 -848.209
-3518.05 -2664.54 -853.502
-3635.98 -2782.99 -852.982
-3584.86 -2736.69 -848.167
-3557.45 -2736.77 -820.683
-3529.25 -2691.96 -837.284
-3517.1 -2667 -850.097
-3575.54 -2724.66 -850.876
-3605.77 -2783.04 -822.731
-3591.45 -2784.91 -806.54
-3574.19 -2745.07 -829.113
-3621.24 -2789 -832.239
-3580.97 -2776.23 -804.745
-3618.79 -2780.93 -837.862
-3616.87 -2809.7 -807.169
-3587.45 -2787.99 -799.463
-3538.69 -2746.35 -792.336
-3523.79 -2685.82 -837.972
-3513.66 -2652.72 -860.936
-3510.44 -2682.02 -828.421
-3531.33 -2673.15 -858.178
-3523.7 -2669.3 -854.398
-3552.33 -2709.2 -843.127
-3565.36 -2736.12 -829.242
-3548.91 -2688.96 -859.942
-3557.16 -2721.52 -835.637
-3557.98 -2737.27 -820.713
-3670.77 -2819.13 -851.633
-3580.32 -2766.67 -813.655
-3550.19 -2739.17 -811.026
-3555.46 -2748.68 -806.783
-3586.81 -2773.97 -812.838
-3561.58 -2735.32 -826.261
-3556.42 -2745 -811.424
-3559.93 -2698.34 -861.592
-3608.98 -2772.69 -836.283
-3640.23 -2829.23 -811.007
-3566.64 -2747.6 -819.04
-3628.93 -2815.98 -812.951
-3599.41 -2794.3 -805.107
-3568.25 -2733.61 -834.643
-3539.93 -2704.85 -835.087
-3514.27 -2672.45 -841.817
-3645.88 -2814.89 -830.991
-3603.57 -2781.91 -821.662
-3622.29 -2806.97 -815.315
-3607.34 -2794.11 -813.232
-3583.32 -2755.98 -827.338
-3567.13 -2713.51 -853.624
-3529.74 -2682.25 -847.491
-3529.35 -2695.87 -833.483
-3523.85 -2659.32 -864.534
-3629.84 -2782.4 -847.44
-3544.51 -2740.77 -803.742
-3525.21 -2708.16 -817.052
-3579.58 -2734.75 -844.828
-3558.33 -2733.24 -825.086
-3533.73 -2723.88 -809.856
-3613.96 -2781.15 -832.814
-3747.13 -2936.68 -810.448
-3686.42 -2891.2 -795.22
-3652.34 -2846.34 -806.003
-3631.03 -2828.16 -802.867
-3628.88 -2807.97 -820.906
-3610.03 -2796.31 -813.72
-3599.01 -2789.7 -809.311
-3603.96 -2803.31 -800.649
-3667.62 -2871.6 -796.014
-3721.65 -2987.54 -734.108
-3673.42 -2895.81 -777.605
-3659.36 -2865.49 -793.865
-3654.36 -2849.76 -804.594
-3637.6 -2823.49 -814.107
-3626.8 -2828.13 -798.663
-3624.51 -2797.84 -826.672
-3599.76 -2798.89 -800.868
-3582.85 -2764.45 -818.4
-3562.25 -2746.31 -815.942
-3550.85 -2719.18 -831.669
-3560.98 -2716.12 -844.859
-3547.29 -2723 -824.291
-3555.99 -2705.19 -850.802
-3649.52 -2842.64 -806.875
-3604.41 -2798.66 -805.748
-3624.3 -2781.43 -842.865
-3584.51 -2773.77 -810.745
-3706.42 -2896.29 -810.136
-3680.01 -2883.37 -796.643
-3666 -2886.32 -779.677
-3613.81 -2812.05 -801.764
-3593.88 -2770.47 -823.408
-3573.76 -2740.69 -833.062
-3623.01 -2783.63 -839.381
-3590.13 -2812.55 -777.574
-3571.04 -2762.19 -808.853
-3563.26 -2716.76 -846.504
-3539.59 -2709.12 -830.478
-3552.97 -2749.59 -803.376
-3532.11 -2705.61 -826.5
-3512.11 -2687.44 -824.661
-3524.15 -2659.69 -864.461
-3532.99 -2702.52 -830.468
-3601.72 -2767.84 -833.89
-3527.42 -2713.08 -814.338
-3697.33 -2856.43 -840.896
-3614.8 -2808.72 -806.075
-3597.14 -2770.1 -827.039
-3569.1 -2742.76 -826.332
-3598.97 -2791.11 -807.858
-3589.41 -2766.8 -822.611
-3569.65 -2747.92 -821.721
-3592.63 -2798.98 -793.65
-3601.73 -2789.64 -812.093
-3622.94 -2828.59 -794.351
-3590.74 -2786.32 -804.421
-3589.33 -2756.81 -832.524
-3618.13 -2827 -791.135
-3600.62 -2799.19 -801.426
-425475 -424644 -830.555
-3553.41 -2728.77 -824.641
-3542.5 -2710.47 -832.038
-3626.41 -2804.12 -822.293
-3592.19 -2769.48 -822.712
-3593.34 -2780.22 -813.123
-3578.11 -2767.9 -810.213
-3546.28 -2725.79 -820.488
-3531.67 -2720.15 -811.517
-3524.53 -2695.24 -829.293
-3667.15 -2800.85 -866.305
-3538.51 -2730.5 -808.006
-3539.13 -2725.62 -813.516
-3519.91 -2672.64 -847.272
-3517.31 -2664.32 -852.993
-3572.25 -2747.85 -824.393
-3548.93 -2724.14 -824.798
-3554.66 -2712.69 -841.972
-3539.04 -2695.6 -843.449
-3520 -2688.14 -831.86
-3564.14 -2729.54 -834.598
-3550.4 -2721.49 -828.907
-3536.99 -2713.46 -823.532
-3590.5 -2761.33 -829.17
-3581.61 -2777.23 -804.375
-3563.82 -2744.73 -819.09
-3597.93 -2761.15 -836.786
-3593.12 -2781.19 -811.926
-3702.16 -2900.82 -801.342
-3649.53 -2882.93 -766.598
-3629.12 -2845.96 -783.165
-3621.29 -2821.97 -799.317
-3618.2 -2801.54 -816.662
-3591.84 -2772.48 -819.358
-3570.56 -2752.52 -818.042
-3561.82 -2741.66 -820.158
-3542.85 -2699.94 -842.907
-3523.35 -2669.35 -853.993
-3512.63 -2673.4 -839.23
-3530.15 -2680.79 -849.363
-3522.25 -2703.31 -818.941
-3535.01 -2707.35 -827.66
-3622.05 -2784.28 -837.769
-3603.45 -2815.35 -788.1
-3640.04 -2840.11 -799.926
-3567.39 -2773.88 -793.508
-3543.01 -2701.54 -841.474
-3601.22 -2753.59 -847.637
-3578.02 -2735.15 -842.868
-3565.87 -2729.95 -835.921
-3546.6 -2721.38 -825.217
-3614.61 -2790.72 -823.893
-3585.83 -2747.88 -837.947
-3545.73 -2725.59 -820.133
-3546.31 -2677.65 -868.654
-3593.63 -2762.76 -830.876
-3573.26 -2740.02 -833.238
-3559.24 -2713.5 -845.737
-3553.36 -2721.56 -831.801
-3612.38 -2778.08 -834.299
-3581.73 -2752.02 -829.709
-3629.56 -2795.79 -833.769
-3667.53 -2880.44 -787.095
-3645.12 -2831.03 -814.093
-3628.7 -2827.66 -801.034
-3697.53 -2922.56 -774.97
-3644.83 -2886.84 -757.985
-3622.31 -2837.6 -784.713
-3608.1 -2797.72 -810.371
-3606.67 -2796.58 -810.094
-3611.02 -2806.88 -804.137
-3609.75 -2802.35 -807.39
-3582.21 -2774.24 -807.969
-3572.21 -2764.51 -807.703
-3552.75 -2724.98 -827.771
-3542.6 -2702.18 -840.418
-3588.21 -2766.31 -821.899
-3556.24 -2729.22 -827.017
-3535.4 -2694.18 -841.223
-3527.59 -2694.78 -832.807
-3523.81 -2680.57 -843.24
-3568.63 -2706.06 -862.569
-3544.39 -2698.21 -846.177
-3609.76 -2797.75 -812.009
-3583.68 -2778.63 -805.052
-3583.83 -2749.65 -834.18
-3582.27 -2759.03 -823.235
-3581.63 -2766.55 -815.08
-3569.37 -2749.55 -819.82
-3559.39 -2743.83 -815.561
-3541.58 -2731.72 -809.868
-3519.81 -2711.35 -808.461
-3577.01 -2756.98 -820.03
-3525.75 -2713.16 -812.597
-3657.96 -2821.33 -836.632
-3610.41 -2790.26 -820.148
-3616.43 -2799.35 -817.081
-3686.23 -2892.8 -793.425
-3654.44 -2868.57 -785.872
-3628.91 -2829.79 -799.114
-3628.23 -2847.99 -780.241
-3606.01 -2794.5 -811.505
-3580.83 -2770.14 -810.69
-3560.18 -2731.11 -829.063
-3652.16 -2842.8 -809.355
-3611.76 -2799.43 -812.323
-3598.39 -2765.88 -832.512
-3574.53 -2760.74 -813.79
-3581.39 -2756.21 -825.177
-3550.83 -2739.37 -811.461
-3548.9 -2716.53 -832.37
-3544.33 -2694.68 -849.649
-3602.68 -2784.86 -817.823
-3645.71 -2834.52 -811.184
-3605.69 -2822.74 -782.946
-3577.1 -2743.37 -833.725
-3610.09 -2803.29 -806.795
-3583.23 -2748.87 -834.361
-3664.33 -2829.05 -835.274
-3698.14 -2910.21 -787.925
-3648.8 -2865.51 -783.288
-3744.7 -2983.1 -761.604
-3670.38 -2886.28 -784.101
-3681.16 -2913.01 -768.147
-3671.06 -2913.55 -757.511
-3656.32 -2877.22 -779.1
-3618.51 -2819.69 -798.819
-3601.2 -2778.89 -822.307
-3625.6 -2822.39 -803.214
-3640.41 -2870.45 -769.963
-3599.35 -2784.07 -815.28
-3567.19 -2724.92 -842.265
-3661.76 -2862 -799.76
-3621.25 -2799.59 -821.662
-3619.14 -2812.53 -806.61
-3593.73 -2782.43 -811.299
-3590.25 -2779.96 -810.286
-3576.81 -2781.89 -794.926
-3564.56 -2720.01 -844.55
-3553.97 -2699.05 -854.919
-3532.54 -2703.47 -829.071
-3518.15 -2683.5 -834.646
-3788.32 -2967.02 -821.303
-3642.96 -2868.92 -774.035
-3630.66 -2852.79 -777.872
-3621.27 -2845.77 -775.497
-3596.82 -2807.57 -789.254
-3615.52 -2816.44 -799.079
-3565.24 -2779.36 -785.882
-3544.11 -2734.66 -809.45
-3796.22 -3005.86 -790.36
-3619.55 -2853.64 -765.911
-3610.94 -2836.37 -774.578
-3615.34 -2845.79 -769.548
-3632.15 -2846.81 -785.342
-3629.24 -2842.49 -786.754
-3608.57 -2800.62 -807.946
-3620.43 -2823.61 -796.822
-3584.77 -2782.14 -802.628
-3569.37 -2776.33 -793.046
-3534.3 -2717.34 -816.955
-3614.62 -2799.18 -815.439
-3593.55 -2790.08 -803.474
-3599.85 -2800.72 -799.128
-3594.22 -2792.27 -801.957
-3573.45 -2756.68 -816.765
