2.24557
3.43543
3.43543
3.43543
4.89567
4.63136
4.70467
4.70467
4.70467
4.87354
3.92951
4.00625
4.05526
4.56565
5.41829
5.65642
5.30291
5.30291
5.30291
6.6869
6.6869
6.72393
7.93526
7.93526
7.93526
7.93526
9.93932
9.93932
9.93932
9.93932
9.93932
9.93932
10.1472
7.6084
7.6084
9.25753
9.25753
9.25753
7.90405
7.90546
6.63264
8.29371
8.29371
9.12156
9.40276
9.3803
9.3803
7.6924
6.28701
7.25441
7.25441
7.25441
7.25441
7.25441
7.25441
7.05263
7.05263
7.24643
7.24643
8.9755
8.75482
9.03431
6.96548
8.46361
8.46361
6.56507
7.71829
7.71829
7.36764
8.39095
8.39095
8.39095
8.39095
8.39095
8.39095
8.39095
6.12357
6.12357
6.57248
7.03149
6.90378
6.90378
4.96814
7.76556
6.69766
8.16022
8.16022
8.16022
7.77499
7.54043
7.20926
7.20926
6.942
5.97894
5.97894
5.97894
5.97894
5.97894
6.82262
6.82262
6.82262
6.5678
6.5678
6.5678
6.5678
6.5678
6.88732
6.88732
4.61049
4.38764
4.38764
4.38764
6.1894
4.8358
6.46974
6.46974
4.57366
6.47415
7.30308
6.58303
6.58303
6.58303
5.63399
5.41427
5.41427
6.01861
6.01861
6.01861
7.72885
7.62979
7.62979
7.48515
5.16725
7.21571
7.79704
7.16765
5.3883
5.3883
5.3883
4.20056
4.20056
5.37539
4.46801
5.65098
5.65098
5.65098
4.07694
4.07694
4.07694
4.07694
6.54327
7.73954
7.73954
7.73954
7.73954
7.57728
7.57728
5.34385
5.34385
3.98759
5.6218
5.6218
5.6218
5.6218
5.6218
5.6218
5.6218
5.6218
5.6218
5.6218
4.46227
4.46227
8.33814
4.68847
6.21573
5.327
5.327
5.62318
5.62318
5.62318
5.74369
6.33904
6.1808
6.1808
5.00511
5.14071
5.14071
5.14071
5.75101
5.75101
5.75101
6.03797
6.03797
6.03797
6.34407
4.61835
4.06857
4.15135
4.15135
6.79222
3.62656
3.6721
6.37508
6.37508
6.37508
6.37508
5.50258
5.50258
7.1581
7.1581
7.1581
7.1581
6.86559
6.86559
6.09322
6.09322
6.33112
6.33112
6.33112
6.33112
7.06424
7.36191
5.24195
5.24195
5.24195
4.82181
5.24066
5.24066
6.49402
6.49402
5.87792
5.87792
7.4613
5.17614
5.17614
6.76834
6.76834
5.3119
5.3119
5.3119
5.3119
5.47123
5.47123
5.47123
5.47123
5.47123
5.47123
5.47123
5.47123
4.89326
4.89326
6.4575
6.4575
5.57427
5.57427
5.57427
5.14795
5.55259
5.55259
5.55259
5.55259
6.49483
6.49483
6.49483
5.41389
6.01975
5.70259
5.70259
5.70259
5.70259
5.70259
4.95766
4.95766
6.77428
6.77428
6.77428
6.77428
6.2232
6.2232
6.2232
4.2944
4.2944
4.2944
4.2944
4.2944
4.2944
5.20847
5.20847
5.63123
5.63123
5.63123
5.63123
5.63123
5.63123
5.63123
5.63123
5.63123
5.63123
5.63123
5.63123
5.63123
5.63123
5.63123
5.70611
5.70611
5.41362
5.41362
5.41362
5.94409
5.94409
7.07648
7.07648
6.94388
5.35035
5.48545
5.48545
5.48545
5.48545
5.0639
5.0639
5.0639
5.0639
5.74046
5.84643
4.21664
4.21664
4.20213
5.77371
5.77371
6.4421
6.4421
6.4421
6.4421
6.4421
6.4421
6.52326
5.4423
5.4423
7.48016
8.26924
5.09981
4.89414
5.89891
5.14731
5.14731
5.14731
4.67181
8.08149
8.08149
8.08149
4.55259
4.55259
4.55259
4.55259
4.55259
4.55259
4.55259
4.55259
4.55259
4.55259
6.11653
7.32009
7.32009
7.32009
5.0294
5.0294
3.61421
3.61421
3.61421
3.98258
6.88594
6.88594
4.54897
4.54897
6.656
5.28766
4.62971
4.62971
4.62971
4.62971
3.76243
3.76243
4.09788
4.09788
4.09788
4.09788
4.09788
4.11162
5.73328
5.73328
5.46308
5.49709
5.49709
5.49709
5.49709
5.49709
3.74611
3.66686
5.57333
5.57333
4.58463
4.58463
4.95121
4.95121
4.95121
6.02135
6.02135
7.11153
7.11153
6.37484
5.52175
4.79856
4.79856
4.79856
5.49476
5.49476
5.23065
4.33828
3.99427
3.99427
3.99427
3.99427
3.99427
3.99427
3.99427
3.99427
3.37563
3.37563
3.37563
5.40139
5.40139
5.40139
5.40139
5.40139
5.40139
5.40139
5.40139
5.40139
5.40139
5.48338
5.48338
5.38356
4.16501
6.41512
6.41512
4.96248
4.96248
4.96248
4.96248
4.96248
4.96248
3.51548
3.192
3.30508
4.21366
4.02305
4.95592
4.95592
4.95592
4.60753
4.60753
4.60753
4.3691
5.26864
5.26864
5.26864
5.26864
2.82241
3.10253
3.10253
3.10253
5.44014
5.12838
5.12838
3.10451
3.17137
4.86151
5.27356
4.79614
4.79614
4.79614
4.79614
3.7014
3.7014
3.7014
4.09603
4.09603
2.24006
4.40058
3.95821
2.6936
2.72379
2.72379
2.72379
4.83745
4.83745
4.83745
4.25255
4.25255
4.88926
