150
1 2 2 14
2 3 1 3 15
3 3 2 4 16
4 3 3 5 17
5 3 4 6 18
6 3 5 7 19
7 3 6 8 20
8 3 7 9 21
9 3 8 10 22
10 3 9 11 23
11 3 10 12 24
12 3 11 13 25
13 2 12 26
14 3 1 15 27
15 4 2 14 16 28
16 4 3 15 17 29
17 4 4 16 18 30
18 4 5 17 19 31
19 4 6 18 20 32
20 4 7 19 21 33
21 4 8 20 22 34
22 4 9 21 23 35
23 4 10 22 24 36
24 4 11 23 25 37
25 4 12 24 26 38
26 3 13 25 39
27 3 14 28 40
28 4 15 27 29 41
29 4 16 28 30 42
30 4 17 29 31 43
31 4 18 30 32 44
32 4 19 31 33 45
33 4 20 32 34 46
34 4 21 33 35 47
35 4 22 34 36 48
36 4 23 35 37 49
37 4 24 36 38 50
38 4 25 37 39 51
39 3 26 38 52
40 3 27 41 53
41 4 28 40 42 54
42 4 29 41 43 55
43 4 30 42 44 56
44 4 31 43 45 57
45 4 32 44 46 58
46 4 33 45 47 59
47 4 34 46 48 60
48 4 35 47 49 61
49 4 36 48 50 62
50 4 37 49 51 63
51 4 38 50 52 64
52 3 39 51 65
53 3 40 54 66
54 4 41 53 55 67
55 4 42 54 56 68
56 4 43 55 57 69
57 4 44 56 58 70
58 4 45 57 59 71
59 4 46 58 60 72
60 4 47 59 61 73
61 4 48 60 62 74
62 4 49 61 63 75
63 4 50 62 64 76
64 4 51 63 65 77
65 3 52 64 78
66 3 53 67 79
67 4 54 66 68 80
68 4 55 67 69 81
69 4 56 68 70 82
70 4 57 69 71 83
71 4 58 70 72 84
72 4 59 71 73 85
73 4 60 72 74 86
74 4 61 73 75 87
75 4 62 74 76 88
76 4 63 75 77 89
77 4 64 76 78 90
78 3 65 77 91
79 3 66 80 92
80 4 67 79 81 93
81 4 68 80 82 94
82 4 69 81 83 95
83 4 70 82 84 96
84 4 71 83 85 97
85 4 72 84 86 98
86 4 73 85 87 99
87 4 74 86 88 100
88 4 75 87 89 101
89 4 76 88 90 102
90 4 77 89 91 103
91 3 78 90 104
92 3 79 93 105
93 4 80 92 94 106
94 4 81 93 95 107
95 4 82 94 96 108
96 4 83 95 97 109
97 4 84 96 98 110
98 4 85 97 99 111
99 4 86 98 100 112
100 4 87 99 101 113
101 4 88 100 102 114
102 4 89 101 103 115
103 4 90 102 104 116
104 3 91 103 117
105 3 92 106 118
106 4 93 105 107 119
107 4 94 106 108 120
108 4 95 107 109 121
109 4 96 108 110 122
110 4 97 109 111 123
111 4 98 110 112 124
112 4 99 111 113 125
113 4 100 112 114 126
114 4 101 113 115 127
115 4 102 114 116 128
116 4 103 115 117 129
117 3 104 116 130
118 3 105 119 131
119 4 106 118 120 132
120 4 107 119 121 133
121 4 108 120 122 134
122 4 109 121 123 135
123 4 110 122 124 136
124 4 111 123 125 137
125 4 112 124 126 138
126 4 113 125 127 139
127 4 114 126 128 140
128 4 115 127 129 141
129 4 116 128 130 142
130 3 117 129 143
131 3 118 132 144
132 4 119 131 133 145
133 4 120 132 134 146
134 4 121 133 135 147
135 4 122 134 136 148
136 4 123 135 137 149
137 4 124 136 138 150
138 3 125 137 139
139 3 126 138 140
140 3 127 139 141
141 3 128 140 142
142 3 129 141 143
143 2 130 142
144 2 131 145
145 3 132 144 146
146 3 133 145 147
147 3 134 146 148
148 3 135 147 149
149 3 136 148 150
150 2 137 149
