-0.521683 -0.130856 1.09453 0.280904 0.743827 2.36993 0.921155 0.418065 -1.26447 -0.81416 -1.38527 -1.01974 -2.0545 0.132768 -2.36243 0.726508 0.442358 2.57371 -0.162266 -0.186387 -3.18356 -5.28225 -0.902463 0.0156574 0.116633 -0.965496 0.932845 -0.206322 -0.915231 3.1347 -1.94813 5.02522 -2.21405 -0.715729 2.24859 -5.71351 -4.33985 1.04809 2.5031 0.955189 3.9947 1.28785 -2.58202 -2.46108 -0.345485 -2.05022
-0.521683 -0.130856 0.0244911 0.280904 0.743827 2.36993 1.2451 0.418065 -0.716145 -1.26447 -1.29812 -1.01974 -2.0545 1.14086 -2.36243 0.948526 1.86652 2.39235 -0.162266 -0.660332 -5.97936 -5.28225 0.731771 0.0156574 2.6477 2.34317 0.932845 -0.720262 -0.915231 3.1347 -1.94813 5.02522 0.900431 -0.723188 3.16366 -3.42063 -3.44099 -1.72138 2.5031 3.9947 0.955189 0.653102 -2.69392 -2.46108 -2.93313 -0.82134 6.68408
-0.521683 -1.50662 -0.892375 0.280904 0.743827 2.36993 0.418065 1.2451 -3.24622 -1.26447 -1.29812 -1.01974 -2.0545 1.61108 -2.36243 0.948526 1.86652 1.70866 -0.162266 -0.660332 -5.97936 -5.86745 1.08916 1.75471 2.6477 2.34317 -1.59604 0.49699 -1.79706 3.1347 -1.37319 2.06642 0.734701 -2.61227 3.4234
-0.521683 -1.50662 0.280904 -0.892375 0.949557 2.36993 0.418065 1.2451 -0.754051 2.29974 -1.29812 -0.316279 -2.0545 1.61108 -2.36243 -1.42562 -0.624047 0.145007 -0.736382 0.608134 -3.8564 -0.674781 -2.26988 0.755795 3.85383 0.0921267 0.251082 0.844332 -2.61725 1.04777 -4.64002 1.67536 0.762104 0.250518 5.07325
-0.521683 -1.50662 0.280904 -0.892375 0.949557 2.36993 0.418065 2.75135 -0.600021 2.29974 -0.316279 -3.1391 -2.0545 1.61108 -0.856722 -1.42562 -0.624047 0.190165 1.20845 -0.726991 -2.29896 9.1409 4.62967 2.96971 -2.16253 -2.8164 -2.09683 -4.665
-0.521683 -3.67814 0.280904 -0.892375 0.949557 2.36993 0.418065 4.01566 -0.600021 2.29974 -0.316279 -2.0545 -3.16701 1.61108 -0.856722 -3.07994 -0.624047 -3.62764 2.29175 -0.221648 -2.17368 -6.08825 5.21107 0.737002 8.25097 0.806405 -2.02628 5.98051 -2.35555 5.05983
-0.521683 -2.83289 0.280904 -0.672829 0.949557 2.36993 0.418065 4.01566 -0.600021 0.147378 -0.316279 -2.0545 -3.16701 1.61108 -1.24106 -3.07994 -3.62764 -0.624047 2.29175 0.555501 -1.20403 2.51936 -1.22201
-0.521683 -2.83289 0.280904 -1.24703 0.949557 2.36993 -0.0326783 -0.600021 4.01566 -1.45041 -0.316279 -2.0545 -3.16701 1.81225 -1.24106 -3.00883 -0.875776 -2.16972 1.14834 0.85968 -3.6522 6.70249 2.35266 -1.1495 4.38205 -2.68702 -1.45158 0.598636 -4.25623
-0.521683 -0.479311 0.280904 0.949557 -2.89099 2.36993 -0.0326783 0.91572 1.16901 2.77186 -0.316279 -2.0545 -0.655372 1.81225 -1.24106 -1.86457 -3.25274 1.53371 -1.1573 -0.474962 -0.33706 -1.20886 -6.77983 -2.41443 -0.936018 -3.03064
-0.521379 -0.479311 0.280904 0.949557 1.74011 -2.89099 -0.0326783 -0.814356 2.77186 1.82669 -0.316279 -2.0545 -0.0243621 1.81225 -1.24106 -1.86457 0.819383 5.20706 0.228382 1.6077 3.57868 -2.8525 -2.14961 -3.5555 -3.56903 0.956934 -1.53203 -10.3578 0.0432551 -2.70563
