1000
5
Variable1
Variable2
Variable3
Variable4
Variable5
2
FixedEffects1
FixedEffects2
3 3 3 3 3
1 0 0 0 2 0 0.6190771 -1.078989
1 2 0 0 0 0 0.008463216 0.04587385
1 0 0 2 0 0 0.3925581 -0.4210379
1 0 1 0 0 1 0.4582467 -1.271475
1 0 0 1 0 0 -1.219645 0.8393109
1 0 0 0 0 0 -1.122098 0.5400129
1 0 0 2 0 0 0.9933303 1.867939
1 0 0 0 0 0 -1.833247 0.444518
1 1 0 0 0 0 0.1238851 -0.7450089
1 0 0 0 0 0 0.5905545 -1.9125
1 0 1 0 0 0 0.8047633 1.359994
1 0 2 2 0 0 0.007538413 0.7326992
1 0 0 2 0 0 -1.816253 1.381034
1 0 0 0 0 2 -0.404868 0.1411759
1 0 2 0 0 0 0.73715 1.225023
1 0 0 0 0 0 0.4858456 1.290894
1 0 0 0 0 1 0.8293131 1.258133
1 0 0 0 1 0 -0.1701218 0.9170805
1 0 0 0 1 1 1.385921 1.193278
1 0 2 0 0 0 0.888019 -0.4696776
1 0 0 0 0 0 0.1819333 -0.8061042
1 0 0 2 0 1 -0.584382 -0.9414389
1 0 2 0 0 2 1.743578 0.1432489
1 0 0 0 0 0 -1.392555 -1.43174
1 0 0 0 2 0 1.231556 -0.8138228
1 0 0 0 0 0 0.578387 -0.1000862
1 0 0 0 0 0 0.1387761 0.08075269
0 0 0 0 0 0 1.097725 -0.07928116
1 0 0 0 1 0 -0.5731118 -0.6895768
1 0 0 0 2 0 0.718893 -1.094315
1 0 0 0 0 0 -0.964204 1.104594
1 0 0 0 1 0 -2.524786 -1.167418
1 0 2 0 0 1 -1.204761 0.4541623
1 1 0 2 0 0 -0.4595505 0.4715177
1 0 0 2 0 0 2.190955 -0.09275737
1 0 0 0 0 2 -0.7005822 -0.4684518
1 1 1 0 1 0 -1.022636 0.5557755
1 0 0 0 2 0 -0.6536392 0.04576737
1 0 0 0 0 0 -1.88416 -0.610207
1 0 0 0 2 0 0.1997778 -0.07294227
0 0 0 0 2 2 0.5286817 -0.6186026
1 0 0 2 0 0 0.006223751 -0.3134933
0 0 0 0 0 0 -0.1855053 1.178361
1 0 1 2 0 0 0.3682007 -0.1495901
1 0 0 0 0 0 1.023031 -0.8894395
1 0 0 2 0 0 1.080817 0.3180118
0 0 0 0 0 0 1.44963 0.7119234
1 0 0 0 0 0 -0.6858322 0.4353155
1 1 0 0 1 0 -1.281191 -0.4614594
1 0 1 0 0 0 -0.79409 -0.4341059
1 0 1 0 0 0 -1.899165 -0.4038066
1 0 0 1 0 0 -1.241637 -0.07597527
1 0 0 1 0 0 0.5129932 -0.452329
1 1 2 0 0 0 0.4137648 -0.5772201
0 0 0 0 0 0 -2.557848 1.265265
1 2 0 1 0 0 -0.5609964 1.318289
1 0 1 0 0 2 0.5043514 0.6061336
1 0 0 0 0 1 1.703383 -0.3621162
1 0 1 0 0 0 1.351547 1.943001
1 0 2 0 0 1 -0.456743 1.622885
1 0 0 1 0 2 1.723054 0.6318004
1 0 2 2 0 0 -1.982442 0.9756006
0 0 0 1 0 0 1.496357 0.8244686
1 0 0 1 0 0 0.8673091 -0.3077974
1 0 0 2 2 0 -0.284403 -2.082821
1 0 0 0 0 0 2.1045 -0.4167177
1 0 0 0 0 0 0.1686389 -1.319407
1 2 0 0 1 0 0.1879914 -0.1500576
1 0 0 0 0 0 0.7823411 0.2426519
1 0 0 0 1 0 -1.732492 1.284976
1 0 2 2 0 0 -0.883376 2.351634
1 0 2 0 0 0 -0.01378181 0.6794957
1 0 0 0 2 0 0.5061522 -0.5752206
1 0 0 0 0 0 -0.4999653 0.3876332
0 0 0 0 0 0 -0.695617 1.859196
1 0 0 0 0 0 -0.2778184 -1.53067
1 0 2 0 1 0 0.2729815 -0.3113915
1 0 1 0 0 0 1.249874 -0.2882449
1 0 0 2 0 1 0.4575196 -0.8162721
1 0 0 0 2 0 0.7652858 1.242995
1 0 1 1 2 0 0.3917274 0.3246756
1 0 0 0 0 0 -0.5472007 -0.6660316
1 2 0 0 0 1 -0.4677945 -1.173325
1 0 0 0 1 0 -1.107023 0.322401
0 0 2 2 0 0 0.7855149 -1.993548
1 0 0 2 0 0 -0.6480888 -1.268438
1 0 0 0 0 0 1.073976 1.044368
1 0 0 0 1 0 0.3623855 -0.3804811
1 0 0 0 2 0 1.915652 1.06273
1 1 0 0 0 0 0.5534486 -0.7818414
1 0 0 1 0 0 -0.2101399 0.2147087
1 0 0 0 0 0 -0.4093134 -0.6690569
1 0 0 0 2 1 0.11833 -0.8221404
1 0 0 0 0 0 1.074188 1.089245
1 2 1 0 0 0 0.03942817 -0.7159361
1 0 2 0 0 0 -0.1593379 -1.630825
1 1 0 0 0 0 -2.286884 -0.3801651
1 0 2 2 0 0 -0.3270425 0.15845
1 0 0 0 2 0 0.07439047 1.092957
1 0 2 0 0 0 0.792441 -0.5613205
1 0 0 0 0 0 0.2366778 0.8181429
1 0 1 2 0 0 1.23316 -0.9429454
1 1 0 0 0 0 1.031172 -1.077363
1 0 0 0 0 0 0.933384 0.05860059
1 0 1 0 0 0 0.5930171 0.2713615
0 0 0 0 0 1 0.7918391 1.631227
1 0 0 0 1 0 -1.95138 0.1216937
1 0 2 0 0 2 1.406851 -1.328758
1 0 0 0 0 0 1.172096 -1.024412
1 0 2 0 0 0 1.599134 -0.5414369
1 0 0 0 0 0 -0.06178128 -1.044091
1 0 2 0 0 0 0.7137511 -1.052528
1 0 0 0 0 0 -2.199266 -0.340727
1 0 0 1 0 0 0.02057483 -2.077064
1 0 1 0 1 0 -1.520474 1.608824
1 0 1 1 0 2 1.347989 -1.44742
1 0 0 0 0 2 1.057396 0.2623198
1 2 0 1 0 0 -0.3198388 -0.9739207
1 0 0 0 0 2 0.8160865 0.2991789
1 0 0 0 0 0 -1.154474 -0.4191981
1 1 0 0 2 0 0.05335121 -0.1775792
0 0 0 0 0 0 1.208345 -0.1117557
1 2 0 0 0 0 -0.242296 -0.3331902
1 0 2 0 0 0 -0.04881813 -0.6358427
1 0 0 0 0 2 -0.1417257 -0.1016813
1 2 0 0 0 0 0.6170319 -1.4816
1 0 2 0 0 0 -0.9798464 -0.8358837
1 0 0 0 0 0 -0.8699423 -0.9959914
1 0 0 0 0 0 -1.884733 0.9717531
1 0 0 0 1 0 0.377683 0.2640289
1 0 0 0 0 2 -0.5432402 0.1616405
1 0 0 0 0 0 -0.2335144 -0.2877133
1 0 0 0 1 0 -1.647978 -0.02747443
1 0 0 0 0 0 0.7896131 0.7484501
0 0 2 0 1 0 -2.033584 0.5348042
1 0 0 0 0 0 0.398603 -1.474818
1 0 0 1 0 0 1.442598 -0.3992517
1 0 0 0 0 1 -1.752984 -0.2946975
1 2 0 1 0 0 -0.9383111 -0.1534476
1 0 0 0 0 0 0.3228451 0.3880846
1 0 0 0 2 0 -1.201337 2.935695
1 0 0 0 0 0 1.699901 -0.7688283
1 2 2 2 2 0 -1.255213 -2.506272
1 0 0 0 0 2 1.23555 0.2531597
1 0 1 0 0 2 -0.4354784 -0.7266762
1 0 0 0 0 1 0.7236291 -0.1553112
1 0 0 0 1 0 0.3871268 -0.2581155
1 0 0 0 1 0 0.7759999 1.00975
1 1 0 0 0 2 -2.162355 0.1114428
1 0 0 0 1 0 -1.110635 -0.02659388
1 2 2 0 0 0 -0.7732876 -0.1847231
1 0 0 0 2 1 0.9216549 -1.053385
0 0 0 0 0 0 -0.4874494 0.5795604
1 0 0 2 0 2 1.922251 0.5580804
1 0 0 0 0 1 -0.002523439 -1.932732
0 2 0 0 1 0 -0.5483847 -0.7100397
1 0 1 0 1 0 1.887522 -1.550156
0 0 1 0 0 0 -0.004746543 0.6292748
1 0 0 0 2 0 0.1244712 0.6339201
1 0 0 0 0 0 0.1955139 0.8862559
1 0 1 0 0 1 -1.587543 -1.208992
1 0 0 0 0 1 -0.3854094 0.2190653
1 0 0 0 0 0 -0.08683299 0.94818
1 0 0 2 0 0 -0.7061653 -0.1837726
1 0 0 0 1 0 0.5149772 -0.6376806
1 0 0 0 0 2 -0.120666 0.9757199
0 0 0 0 2 1 -0.8523875 0.1229939
1 0 0 1 2 0 0.5589508 0.8131528
1 0 0 2 0 2 -1.37297 -0.432204
1 0 0 0 1 0 -0.8908279 -2.008305
1 0 0 0 0 0 -0.3194887 0.4012047
1 0 0 0 0 0 0.07531937 -1.577249
0 0 0 0 1 0 -0.5641864 -1.584398
1 0 0 2 0 0 -1.761296 -1.433583
1 0 0 2 0 0 -0.1165093 0.4668753
1 0 0 0 0 1 1.209688 -0.03058851
1 0 0 0 0 0 -3.188399 0.4182754
1 0 1 2 0 2 0.6716356 -1.201585
1 0 0 0 0 2 1.055717 1.191638
1 0 0 0 0 1 0.2098725 -0.9027977
1 0 0 0 0 0 -0.0190526 0.3841653
1 0 0 0 0 0 1.403528 1.082059
1 0 0 0 0 0 0.04830634 -0.3134312
1 0 2 0 0 0 -2.811454 0.3327333
0 0 2 0 2 0 0.7402756 -0.811813
1 0 0 0 0 0 1.249927 0.6554849
1 1 0 0 1 0 0.8512525 0.7203787
1 0 0 2 0 0 0.5020049 0.7624156
1 0 0 0 0 1 0.4628149 0.05746861
1 0 0 0 2 2 0.3742784 -0.1329194
1 0 0 1 0 0 0.5549044 -0.9405691
1 0 0 0 1 0 1.336121 -0.6750045
1 0 0 0 0 0 -1.185659 -1.218625
0 2 0 0 2 0 -0.005494698 2.270142
0 0 0 0 1 0 0.4466477 -0.7609613
1 0 0 0 0 0 0.8563308 0.4114532
1 2 0 0 0 0 -1.325852 -0.07963471
0 0 0 0 0 0 -0.6424615 1.011317
1 0 0 0 0 0 -2.65593 0.7469967
1 1 0 0 0 0 0.2559001 -0.09870139
0 0 0 1 1 1 -0.3142538 0.07105219
0 0 0 0 1 0 -0.6785101 -0.8063409
1 0 1 1 1 0 -0.1415793 0.04154269
1 0 0 1 1 0 1.219636 0.1403094
0 0 2 1 1 2 1.385153 1.245789
1 0 0 1 1 2 -0.3685474 -0.7575561
1 0 0 1 1 2 -1.197018 0.8992338
1 0 1 1 1 2 -1.066135 0.8160452
0 2 0 1 1 1 0.8733383 0.1497064
1 0 2 1 1 2 -1.071564 0.8601023
1 0 0 1 1 1 0.3357897 -1.173293
1 2 0 1 1 2 1.100838 -0.2982572
0 2 0 0 2 2 0.6083025 0.06736192
1 0 0 0 1 0 -0.3351816 -0.1784968
1 0 0 1 1 2 0.04747319 -1.397855
1 0 2 1 0 0 1.370272 -0.2934429
0 0 0 1 1 2 0.2900395 -0.068588
1 0 0 1 1 2 -1.506816 -1.809659
1 0 0 2 1 2 2.010829 -0.0870451
1 0 0 0 2 2 -0.3395016 0.2312938
0 0 0 1 1 2 -0.839069 1.278869
0 0 0 1 1 1 -0.1780974 -1.400047
1 0 0 1 1 2 0.5756409 -1.15391
0 0 0 1 1 2 1.765763 0.785576
1 0 0 1 1 2 0.3507921 -1.517275
1 0 1 1 1 0 0.6776365 -0.01274017
1 0 0 2 1 1 -1.956686 0.9353509
0 0 0 1 1 2 -0.1947639 -1.226601
0 2 0 1 1 0 0.2383315 -1.337376
0 1 0 1 1 2 1.813759 0.6456622
1 0 0 0 1 2 -0.4054041 -0.6584926
0 0 0 1 1 2 0.02248981 1.51001
1 0 0 1 1 2 0.7356911 -0.03510125
1 0 0 1 1 2 0.09714964 0.913315
1 0 0 1 1 2 1.176801 0.280883
1 2 1 1 1 2 0.3453177 -0.4903849
1 0 0 2 1 2 1.082009 0.7224458
1 0 0 2 1 2 -1.066592 -1.274347
1 2 0 1 1 1 0.512396 0.869833
1 1 0 1 1 2 1.103836 0.8682581
1 0 0 0 2 0 0.848277 -0.2812322
1 0 0 1 1 2 0.06453649 -1.83162
1 0 2 0 2 2 0.9985221 0.6301949
1 0 1 1 1 2 1.064583 -1.064416
1 0 0 1 2 2 0.009593653 0.5705918
1 0 0 1 1 2 -1.220853 1.364168
1 2 0 1 1 2 2.321848 0.1433631
1 0 0 1 1 2 0.9270537 1.596889
1 0 0 1 2 0 0.2294788 0.5085219
1 0 0 1 2 2 0.3010053 0.6276367
1 0 0 1 1 2 -0.8572474 -1.086527
1 2 0 1 1 2 0.1186496 0.6520474
0 0 0 1 1 1 -0.1239318 1.416787
1 0 0 1 1 2 0.4499459 0.106682
1 0 2 1 1 2 1.394777 -0.4888823
1 0 2 1 1 2 0.5330853 0.2330232
1 0 0 0 1 2 -1.39209 -0.3085056
1 2 0 1 1 2 0.7967281 -1.989827
0 2 0 1 1 2 1.917522 0.09799913
0 1 2 1 1 2 0.363319 1.422184
1 0 0 1 2 1 1.569727 0.7635116
0 0 2 1 1 1 -0.7441836 1.145973
1 0 0 1 2 2 -0.3406986 -0.3034651
1 0 0 1 1 2 0.1481252 0.1871292
0 0 1 1 1 2 1.048216 0.1413738
1 0 0 1 1 2 0.1597563 -0.6951528
1 0 0 1 1 2 -0.9153936 -0.04182543
1 0 0 1 1 2 -1.629885 1.371001
1 0 0 0 1 2 0.02482566 0.2265263
1 1 2 1 1 2 1.383989 -0.5507774
0 0 0 0 1 2 1.304399 -1.039948
0 0 0 1 1 2 1.030158 0.7318804
1 0 0 1 0 0 0.9808454 1.062889
1 0 2 1 1 0 0.5038721 -0.5468388
0 0 0 1 1 2 -0.4433381 0.06452277
0 0 1 1 1 2 0.08757133 1.068421
0 1 0 1 1 2 -0.4148812 0.2011194
1 0 0 1 1 1 0.9969297 -1.567178
0 2 0 1 1 2 -0.09477312 -0.8334131
0 0 0 1 1 2 0.06652983 1.894747
1 0 0 2 1 2 0.1911552 -0.3868148
1 0 0 1 1 0 0.6558785 -0.05363478
1 0 0 1 1 2 -0.1299693 1.143842
0 0 0 1 1 2 -2.043652 0.6386493
1 2 2 1 1 2 -0.06906007 2.58047
1 2 2 1 1 2 0.3595239 -0.5637765
0 0 0 1 1 2 0.6773572 -0.8835571
1 1 0 1 2 2 -2.101284 0.3433306
1 2 2 1 0 2 0.7044871 -0.1113278
1 0 0 0 1 0 1.478487 2.257817
1 0 0 1 1 2 0.346524 -0.8148509
0 0 0 1 1 2 0.9541017 -1.479551
0 0 2 1 1 2 0.2073893 0.6131647
1 0 0 2 1 2 0.1005623 1.039127
1 0 0 0 1 0 -0.7377127 1.118772
1 0 1 1 2 2 -0.7857828 0.2745837
1 0 0 1 1 2 -1.367685 -0.1349512
1 0 0 1 1 2 1.034276 -0.7661408
1 0 0 1 1 2 -1.219375 0.6041801
0 1 2 1 1 2 -0.238212 1.802748
1 0 0 1 1 2 0.4710337 0.6046519
1 0 0 1 1 2 0.7292667 -1.448553
0 0 0 0 1 1 -1.187124 1.345495
1 0 0 1 1 2 1.314714 -0.1094583
0 0 2 0 1 2 -1.098718 0.3447986
1 0 0 1 1 2 -0.964227 -0.5087351
1 0 2 1 1 0 -2.676163 2.189269
0 1 2 1 1 2 0.5787597 1.074406
0 0 1 1 1 2 -0.7429393 -0.8251706
1 0 0 1 1 2 -0.2359156 0.7147259
0 0 0 1 1 2 -0.7845837 0.812834
0 0 0 1 2 2 0.268547 0.2725782
1 0 0 1 1 2 1.319463 -0.6481201
0 0 0 0 2 2 -0.4060037 2.226523
1 1 0 1 0 2 0.3390054 -1.739534
1 0 0 1 2 2 -0.7272229 1.470318
1 0 0 0 1 0 -0.7805565 0.2680844
1 0 0 1 0 2 0.8260668 0.5918699
1 0 0 1 1 2 1.622327 -1.259489
1 1 0 1 2 1 -0.08351678 -0.8043606
1 0 0 1 1 1 0.3388918 0.5379705
1 0 0 1 1 2 0.05829455 -0.1690738
1 0 0 1 0 2 2.001573 -0.3784307
0 0 0 2 1 2 -0.28259 0.2817334
0 0 2 1 1 2 0.5175191 1.898728
1 0 0 0 1 2 1.081679 -0.9655656
1 0 0 1 0 2 -0.3087882 0.3167142
1 0 0 1 1 2 -1.442184 -0.8607607
1 0 0 1 1 2 0.2033654 0.1926667
1 0 1 1 1 1 0.4081603 -0.6136475
1 2 0 1 1 2 0.1123411 1.717154
1 0 0 1 1 2 -0.6049223 0.3994211
1 0 0 1 1 2 0.4024456 -0.006004373
1 0 0 0 0 2 0.819039 0.9704321
0 0 0 1 2 1 0.2400178 0.01342241
0 0 0 1 0 2 0.6725921 0.1533482
1 1 1 1 1 2 -0.01402478 0.3702003
1 1 0 1 0 2 -1.366323 0.7961375
1 1 0 1 1 2 1.1323 -0.422094
1 2 0 1 0 0 0.07072195 0.6067101
1 1 0 2 1 0 0.03793875 -0.6225143
1 2 0 1 1 2 -2.289317 -0.4770777
0 0 0 2 1 2 -0.9913969 -0.7205443
1 2 0 1 0 2 0.2499464 0.3154819
1 0 0 0 1 2 -1.065842 0.6963142
0 0 0 0 2 2 -0.7187149 1.66207
0 0 1 2 1 1 -0.723917 -1.245962
0 1 0 1 2 0 -1.462514 -0.6819508
1 0 1 2 1 2 0.3596132 0.6080122
1 0 0 1 1 2 0.838126 0.01162635
1 0 0 1 1 0 0.5573744 0.08325692
1 0 0 1 1 2 -0.06049852 0.3092986
1 0 1 1 1 2 -1.064196 0.07733398
0 0 1 1 1 2 -0.3926631 2.569992
0 0 0 0 1 2 -1.236748 -1.081664
1 1 0 1 1 2 0.1955239 -1.508425
0 0 0 1 0 2 -0.1066833 0.1247333
0 0 0 1 1 2 0.3499297 1.03064
1 0 0 0 0 0 -0.1384829 0.2464303
1 2 0 2 0 2 0.1502705 -0.09657339
1 1 0 1 1 2 -0.6033014 0.5179346
1 2 0 2 1 2 -2.613319 -0.03323125
0 0 0 1 1 2 -0.274716 -0.1586115
1 1 0 2 1 2 0.4533489 -0.5111611
1 0 0 1 1 2 -0.3655931 -0.9901809
0 1 2 1 1 2 0.1968804 -1.079092
1 0 0 1 1 0 0.6848201 -0.538364
0 2 0 1 2 2 0.8008872 0.6688421
0 0 0 2 1 2 -1.68876 0.8016703
0 1 1 1 1 2 0.4819653 1.400612
1 0 0 1 2 2 0.3668379 -0.4357964
0 0 0 0 1 2 -0.7638225 -0.3480759
1 0 0 1 1 2 -0.7310595 0.3581761
1 0 0 1 1 2 -0.405747 -0.6389918
1 0 0 1 1 0 0.849341 0.5903725
1 0 0 1 1 0 -1.416714 0.002648733
0 0 2 1 1 2 -0.3561509 -0.09888023
0 0 0 1 1 2 0.6930777 1.393528
0 0 0 1 1 2 0.5508917 1.171931
1 0 0 1 1 2 -0.3358199 -1.704986
1 0 0 1 1 2 0.3646033 0.4448536
1 0 0 0 1 2 0.300125 -0.4246494
1 0 0 1 1 1 2.260646 -1.292644
1 0 0 0 1 2 -0.3427449 1.641949
1 0 0 1 1 2 0.8361888 -1.563198
1 2 0 1 0 2 0.8201322 0.2031906
1 0 0 1 1 2 -0.01159315 -2.702369
1 0 0 1 1 2 0.1090005 0.06456695
1 1 1 1 1 2 1.846798 -0.2292707
0 0 0 1 0 2 -0.386226 0.7385344
0 0 0 1 1 0 -0.4565734 0.1463539
0 0 0 1 2 2 -0.3263524 1.020344
1 2 2 1 1 0 0.4427927 -0.9048606
1 1 0 1 0 2 -0.2479862 -0.1924458
1 0 2 1 1 2 2.280307 -1.081375
0 0 0 1 2 1 -0.5016973 -0.5951472
0 0 0 1 0 0 0.3129258 -0.1792315
0 0 0 1 1 2 0.6353453 -0.4639514
0 0 2 1 1 2 -1.959438 0.2407019
1 0 1 1 1 2 0.03534319 -0.4648305
0 1 1 1 0 2 -1.318871 0.7113864
1 1 1 1 1 0 -1.826604 1.133732
1 0 1 1 1 1 0.7632924 -0.9104015
0 1 1 2 1 1 0.8012891 0.4341112
1 1 2 0 1 1 0.4287644 -1.370385
0 1 2 1 1 0 0.9105288 0.1501129
1 1 1 1 1 1 -0.358814 0.5300422
0 1 2 1 2 0 -0.2317207 0.2428745
0 1 1 1 1 1 -1.452057 -1.059563
0 0 1 2 1 2 0.9719111 0.9746501
0 1 1 2 0 1 -1.838466 0.1678596
0 1 1 1 0 0 0.8068607 1.535836
0 1 1 2 1 1 0.9247651 1.330073
1 1 1 1 1 1 0.4404806 -1.435795
1 1 1 1 1 1 -0.5352663 0.3513705
0 1 1 2 1 1 1.347431 -0.2128313
1 1 2 1 0 1 0.1128203 -0.9885503
1 1 1 1 1 1 1.199072 0.253368
1 1 1 1 1 1 -0.7254254 -0.3531421
0 1 1 1 2 0 0.01124843 0.5213858
0 1 1 0 1 2 -0.001571908 -0.4003014
1 2 1 1 2 1 -0.2912886 -0.7316681
0 1 0 1 2 1 0.9639893 -0.03648376
1 1 0 1 1 1 0.8257882 -0.2070345
0 1 1 1 1 2 -0.07319833 -0.9886811
0 1 1 1 1 1 -1.448007 -0.6360909
0 0 2 1 0 1 -1.684779 -0.6797012
0 1 2 1 0 1 1.062375 0.4890614
0 1 0 1 0 2 0.3034057 1.345798
1 1 1 1 2 1 0.574865 -0.1693399
0 1 1 1 2 1 0.1735554 0.6542543
1 1 1 1 1 1 -0.8781744 -0.1881642
1 1 0 1 1 1 0.5160362 -1.467302
0 2 1 0 1 1 -2.140789 -0.5955647
1 2 1 2 1 1 0.3248971 1.372758
1 2 0 1 1 1 -2.775827 -0.2637216
0 1 1 1 1 1 -1.06044 1.870068
0 1 1 1 0 1 1.059597 -1.103037
0 1 1 2 1 1 1.170243 -1.473547
1 1 1 2 1 1 0.8835689 -0.2019591
1 1 1 1 1 1 1.29714 0.03096792
1 0 1 2 1 1 -0.1610077 -0.7065102
1 0 1 1 1 1 -0.3498803 0.8139725
0 1 1 0 0 1 -1.166369 1.478968
0 1 2 2 1 1 -0.471878 0.7448813
1 1 1 1 1 1 1.216691 -0.8631925
0 1 1 1 1 0 -0.3428979 3.018814
1 1 1 1 1 1 1.839932 0.9788629
1 1 1 1 1 1 -1.737593 0.3765953
0 1 1 1 2 1 -0.3302929 1.465939
0 1 1 1 1 1 0.4212922 2.144258
1 1 0 1 1 1 0.988501 -0.6241905
0 1 2 1 1 2 0.6767458 0.2998117
1 1 1 2 1 1 0.09269573 0.04402939
1 1 1 0 1 1 0.5437384 -1.726477
1 0 1 1 0 1 0.5333814 0.1775105
1 1 1 1 1 1 1.710895 1.085332
1 1 1 1 1 1 -1.137947 -0.5016908
1 2 1 1 0 1 0.9513711 0.08983027
0 2 1 1 1 1 0.3657351 0.7251264
1 1 1 1 1 1 1.575004 1.93692
1 1 1 2 1 1 -0.6977798 -0.06134558
0 1 2 1 2 1 -0.2257018 1.520132
0 1 1 1 1 2 0.2175347 0.9285173
1 1 1 1 1 1 1.385162 -1.819223
1 1 1 1 1 2 -0.9595488 -1.206245
0 1 0 1 1 2 0.3596709 -0.3058943
1 1 1 1 1 1 0.4544191 -1.070237
1 1 1 1 1 1 -0.6863416 0.3217968
0 1 1 1 1 1 -0.3118832 -0.116198
1 2 1 1 2 1 -0.3130344 0.2648012
1 1 1 1 1 1 0.08366844 -0.5102781
1 1 1 1 1 2 0.7110292 -2.123814
1 1 1 1 0 1 -1.117908 -1.225423
0 1 2 1 1 2 -0.8198307 0.5954994
1 1 1 1 1 1 0.2041175 0.7883081
0 1 1 1 0 1 0.4468897 1.267266
1 1 1 1 1 1 -0.09025154 1.202372
0 0 1 1 1 1 -1.889156 1.001302
1 0 1 1 1 2 -0.4452595 -1.237964
1 1 1 1 1 1 0.4200977 0.9761495
0 2 1 1 2 1 -0.02292707 -1.262553
1 1 1 1 1 0 -0.05301614 -1.970698
1 1 1 2 1 1 -0.2977933 -0.6883988
1 1 1 1 1 0 -1.827768 -1.072576
1 1 1 0 1 0 -0.1276786 -1.151799
1 1 1 1 1 1 1.942971 -1.354562
0 1 1 1 1 1 -0.6454807 -0.01865053
0 1 2 1 1 1 0.6257178 -0.9911803
1 2 1 1 1 1 0.1321132 -1.17935
0 1 1 1 2 1 1.256012 0.1830734
0 2 1 1 1 0 1.323143 2.804861
1 1 0 1 1 1 0.6523363 0.4795489
1 1 2 1 1 1 -1.835438 -0.9406191
1 1 0 1 1 0 1.723335 1.208635
0 2 1 1 1 0 0.1549143 -0.6615812
0 1 2 2 1 2 0.07040504 -0.8529864
1 2 1 2 1 1 1.86607 0.6110631
1 0 1 1 1 1 0.7362922 -0.9535568
0 1 1 1 0 1 1.968 -1.362229
0 0 0 0 1 1 -1.902806 0.05443511
0 1 1 1 0 1 0.8176241 -1.205546
0 1 0 1 1 1 -0.164488 1.069442
0 1 1 1 0 1 -0.8169328 1.434888
0 1 1 1 1 1 0.3189222 -0.05553497
1 1 1 0 1 2 1.494739 1.166962
0 1 1 1 1 1 0.6165806 2.601226
0 1 1 1 1 0 -0.1421376 0.3388023
0 0 1 1 1 1 0.1565849 0.5489505
0 1 1 1 1 2 0.5578332 0.4795343
1 1 1 1 1 1 -2.664053 -0.1015298
0 1 1 1 1 1 -0.8363292 -1.390219
0 1 1 1 1 1 0.4998613 0.1100242
1 1 1 1 0 2 0.8294263 -0.1925968
0 1 1 1 1 1 -0.1104797 0.2231578
1 1 1 1 1 1 0.2672626 0.2345953
1 1 1 2 1 1 -1.376504 0.570323
1 1 0 1 1 1 0.5453457 -1.549419
0 1 1 1 1 2 -1.399316 -0.6504322
1 1 0 0 1 2 -0.9241709 0.2932974
0 1 1 1 1 1 -1.099535 -0.5696271
0 1 2 0 1 1 -0.1862404 0.9615464
0 0 1 1 1 1 -0.09799198 1.111372
0 1 1 1 1 1 0.6653376 1.123128
1 1 2 1 1 2 -0.2952324 -1.011661
1 1 1 1 1 1 -0.7747508 -0.6074082
1 1 1 1 1 1 0.04830752 0.7357265
0 1 1 1 1 1 0.5788268 0.7442835
1 1 1 1 2 1 -0.1833015 0.1846681
1 1 1 1 1 1 -0.2917594 0.7508849
1 1 1 2 1 1 -1.067784 0.4278931
1 1 1 1 2 1 0.1035645 1.819113
0 1 0 1 1 1 -0.1064944 1.298614
0 0 1 1 1 1 0.04783944 1.455977
1 1 1 1 1 1 -0.5416736 -1.856078
0 1 1 2 1 1 -2.498362 1.322535
0 2 1 1 1 1 -0.06298188 0.009468615
0 1 1 1 2 2 -1.521465 -1.059493
0 1 1 1 0 1 -1.37137 -0.9413833
1 1 1 1 1 1 1.168291 0.7048213
0 2 0 1 2 1 0.7505247 -1.375248
0 1 1 1 1 1 -1.471511 -1.339917
1 1 1 1 1 2 -1.170332 -1.664027
0 2 1 1 1 2 -0.6444073 -0.5297909
0 0 1 1 1 2 -0.6965599 0.367076
0 1 1 0 1 1 -1.890764 1.178408
0 2 1 1 1 2 -0.4429471 -0.3605865
0 1 1 1 1 1 0.6658039 -0.1440912
1 1 1 1 1 2 0.1054898 0.3785963
1 1 1 1 1 1 -0.3464712 -0.5010916
1 1 1 1 1 1 -0.3321887 -1.629788
1 1 1 0 1 1 0.41009 -1.073851
0 2 1 2 1 0 0.5387861 0.0299236
1 0 2 1 1 1 -0.219448 -1.543581
1 1 1 0 1 1 0.3509734 -0.5133278
1 1 1 1 1 1 -0.298393 -1.471611
1 2 0 1 1 1 0.8618189 -1.198632
1 2 1 1 1 2 0.04517007 -1.554821
1 1 0 1 1 2 -1.19854 0.2446571
0 1 1 1 1 1 2.183253 0.01526626
0 1 0 0 1 1 0.2552642 1.343365
0 0 1 1 1 1 -0.8644057 -1.007204
0 1 2 1 2 1 -2.099771 -0.1516165
1 1 1 1 0 0 0.8652661 -0.794502
1 1 2 1 1 1 -0.04370412 0.421207
1 1 1 1 1 1 -0.005075368 -0.08699927
1 1 0 1 2 1 -0.3274852 -0.2328502
0 2 1 1 1 0 0.4450594 1.071014
0 1 1 1 0 1 1.598739 0.5962577
0 1 2 1 1 1 -0.3516596 -0.2251728
1 1 1 1 1 1 0.4625633 1.896259
1 1 1 1 0 1 -0.04738179 -0.2094857
0 0 1 1 1 2 0.7536339 0.2029934
1 2 1 1 1 1 2.792057 1.150684
0 0 2 1 1 1 0.6489046 1.413902
1 1 1 0 1 1 -1.89567 -1.219645
1 1 1 2 2 1 -1.449304 -0.4674584
1 1 1 0 1 0 1.078325 -1.163692
1 1 0 1 1 1 -1.36811 0.009121047
1 1 1 1 1 0 -0.844804 1.651388
1 1 1 1 1 1 -0.5236586 1.505512
1 0 1 0 1 1 -1.369011 0.493997
1 2 1 1 0 2 -0.3002489 0.882838
1 1 2 1 1 1 -1.348592 -0.509648
1 1 1 1 1 1 0.5530124 0.5291991
1 1 1 1 1 1 1.184281 1.694713
0 1 1 1 1 2 -0.01863832 -0.2349398
0 1 1 1 1 1 -1.495736 -0.3349309
0 1 1 1 1 2 -0.2156313 -2.145252
1 1 1 1 1 0 -1.506897 -0.0117227
0 1 2 1 1 0 0.2098559 1.408355
0 1 1 1 1 1 -0.4817701 -1.328173
0 1 2 1 1 2 0.4242941 0.2728787
1 1 0 0 1 1 2.765628 -0.01745816
1 1 1 2 1 1 -1.041207 0.4624954
0 1 1 1 1 1 -1.472267 1.106562
0 0 1 2 1 1 -1.081827 0.7142903
1 1 1 0 1 1 -0.5344038 0.3046172
0 1 1 2 1 0 -0.148795 -0.595896
1 1 1 1 1 2 -1.167957 -0.6015461
0 0 1 0 2 2 1.73468 1.396637
1 2 0 1 2 0 0.5709353 -0.3881814
0 2 2 0 2 0 -0.4471418 -0.1573636
0 2 1 0 2 0 1.223375 0.4305003
1 2 1 0 2 1 0.3892466 0.2874522
0 0 1 0 0 0 -0.6505224 -0.7772965
0 0 1 2 0 0 -0.6251577 1.1908
0 2 1 0 2 0 1.528812 -0.7777539
0 2 2 0 2 1 -0.8634517 1.793414
1 0 1 0 2 0 0.142955 -0.2272261
0 2 1 0 2 0 -1.244627 0.5121432
0 2 1 0 2 0 -1.726416 0.02826444
0 2 1 0 1 2 -0.8150924 0.4972865
0 1 1 1 2 2 -0.1240134 2.150886
0 2 1 1 1 2 0.5640724 0.7921181
0 2 1 0 2 2 -0.9317876 1.377609
0 2 1 0 2 0 -0.6037092 3.568101
0 2 1 2 2 1 -2.284466 0.8314
0 2 1 0 2 2 -2.324545 -2.995159
0 2 1 0 2 0 0.4398819 -1.538012
0 1 1 0 2 1 -0.7148953 -0.7239304
1 2 1 1 2 0 -0.4175019 -0.5590353
0 1 1 0 2 0 -2.324995 2.63521
0 2 1 2 0 0 1.89272 -1.399748
0 2 1 0 2 0 0.1391705 0.3555584
1 2 1 0 1 1 0.2805414 0.9263253
1 2 1 2 2 2 0.3759503 -0.06638795
0 2 1 2 0 0 -0.3496662 -1.288983
1 2 1 2 2 0 -1.273126 0.09109548
0 0 1 0 2 0 -1.672999 -0.5060717
1 2 0 0 2 0 -1.316179 -0.6976555
0 2 1 0 0 0 0.2335929 -0.8440441
1 2 1 1 2 0 0.6860372 0.7286588
0 0 0 0 2 1 0.5277366 0.1369793
0 2 1 0 2 2 -0.3713155 -1.059276
1 1 1 0 2 0 -0.5858773 1.258616
0 2 1 0 2 0 -0.892552 1.20701
0 2 1 0 2 0 -0.2912384 -0.04288637
0 2 1 0 2 0 -1.034583 -0.806641
0 2 0 0 2 0 0.2175381 1.374365
1 2 1 0 2 0 2.70583 0.4766004
0 2 2 0 1 2 -0.1691142 -2.375133
1 2 1 0 2 1 0.5859416 -0.1303012
0 2 1 0 2 0 -0.9005206 -0.2069812
0 0 2 0 2 0 -1.178787 -0.3166946
0 2 1 0 2 0 -0.3733271 0.9872302
1 2 1 0 1 0 2.68236 0.02129898
0 2 1 0 2 0 0.5430322 0.3907252
1 2 2 0 1 0 1.31214 0.6267532
0 1 2 0 2 2 0.4895905 1.827196
1 2 1 0 2 0 0.05990646 -0.7155326
0 2 2 0 2 0 -0.09989014 0.05449298
0 2 1 0 2 0 -0.9514335 0.8769625
1 1 0 0 2 0 0.2635395 -0.1821863
1 1 1 0 0 1 1.364525 -0.236482
0 2 1 0 0 0 0.06450029 0.09791364
0 2 1 0 2 0 0.2647521 -0.9940309
1 0 2 1 2 0 -0.2503951 0.3478598
1 2 1 0 2 0 -0.02501177 -0.9346703
0 2 2 1 2 0 0.844224 1.593043
1 2 2 0 2 0 0.591988 1.504447
1 2 1 0 2 2 1.183136 -0.7369032
0 2 1 0 2 2 1.035699 -0.07413015
0 2 1 1 2 0 0.8757739 0.5232083
1 2 1 0 2 0 0.6917636 0.8714368
1 0 1 0 2 0 0.4864706 0.5323859
0 1 1 2 2 0 1.119371 -0.4356394
0 2 1 0 2 0 -1.339549 0.3679215
1 2 1 1 0 2 -0.4410635 0.8398411
1 2 1 0 2 0 -0.02566784 -1.286431
0 1 1 0 1 0 -1.797638 0.2983399
0 0 1 0 2 0 -0.6435724 1.144048
0 2 0 0 2 0 0.4676773 -2.536226
0 2 0 0 1 1 0.0128643 0.5755524
0 2 1 2 2 0 -0.2170496 0.2452553
0 2 1 0 2 0 1.31515 1.342767
0 2 1 0 2 0 -0.08001756 1.040421
1 2 1 0 2 1 -1.55764 0.2963835
1 2 1 0 2 1 -0.4246926 0.443024
0 2 1 0 0 0 -1.65626 1.079396
1 1 1 0 2 0 0.08956518 -0.62795
0 2 1 0 2 0 -0.7626759 -0.2225464
0 2 0 1 2 0 -0.3361826 -0.3285064
1 2 1 2 2 2 1.934563 -0.8154258
0 2 1 0 2 0 -0.04822588 0.3710599
1 2 1 0 0 0 2.107107 0.06365289
0 2 1 0 2 0 0.03556469 1.116051
0 2 1 0 2 0 0.564822 -1.734062
1 2 1 0 2 1 -0.6088816 -0.7454071
0 2 1 0 2 0 -0.6686591 -0.8675696
0 2 1 0 2 0 1.559122 2.007834
0 2 1 2 0 0 1.288474 0.4369762
1 2 1 0 1 0 -1.342896 -0.2814001
0 2 0 0 2 0 -1.220037 -1.280998
1 0 1 0 0 2 0.7052521 0.7412552
1 0 1 0 1 0 -1.057591 1.368085
0 2 1 0 2 0 1.355527 -0.7465124
1 2 1 0 0 0 0.4223367 -0.4426727
0 2 1 2 2 0 1.472116 1.978785
0 0 1 2 2 0 0.1103758 0.8586594
1 2 1 0 2 0 1.162841 0.01166973
0 2 1 0 2 0 -0.5092803 0.7024325
0 2 1 0 2 0 -0.5957411 1.702361
0 2 2 0 2 0 -0.6993732 -0.2448286
0 2 1 0 1 0 1.32623 0.4816997
0 0 1 0 2 2 -0.3167864 0.4521415
1 2 1 0 2 2 1.145349 0.8942922
0 2 1 0 2 2 0.8039555 -1.325512
0 1 2 0 2 0 1.093952 -0.6049051
1 2 1 0 2 0 -1.259586 0.03390702
1 2 1 0 0 0 1.626756 0.8457875
1 2 1 0 0 2 -0.176476 -1.322992
1 2 1 0 2 0 -0.7060497 1.085928
1 2 1 0 2 0 -0.6251331 -0.9050845
0 2 1 0 2 1 1.315305 1.105415
0 2 1 0 2 2 -0.8063703 -0.6899651
0 1 1 1 2 0 -0.45837 -0.7535184
0 2 1 1 0 0 0.392736 0.4689275
0 0 1 2 2 2 0.8716151 -0.9490538
0 2 1 0 2 0 -0.1404041 0.05729861
1 2 1 2 2 0 -1.917316 -0.06206138
1 2 1 0 1 0 1.482849 -1.828359
1 2 1 0 2 0 -0.3418109 -1.245966
0 1 2 0 0 0 -0.5723196 -0.5476387
1 2 1 0 2 0 -0.781047 -0.9714748
1 2 1 0 0 0 -0.8525689 -0.7378187
0 2 1 0 0 0 -1.393687 -0.05558722
1 2 1 0 2 0 -1.247836 -0.8683538
0 2 1 0 2 0 -1.856553 1.259286
1 2 1 0 2 1 -0.1780067 -2.078036
0 2 1 2 2 0 -0.236267 1.06271
0 2 1 0 2 1 0.02905842 1.049551
0 2 1 0 2 0 0.2027369 -1.215722
1 2 1 1 2 2 0.6294254 1.142926
0 2 1 0 2 1 -0.1714043 -2.029625
1 2 1 0 2 2 -0.04139371 -1.136628
0 2 0 0 2 0 1.121987 -0.4211658
0 1 1 0 0 0 -0.6219681 1.205924
0 2 1 0 2 0 1.506858 -0.6678635
0 0 1 0 2 0 -0.04814276 -1.109872
0 2 1 1 0 0 -0.1130221 -0.7663198
0 2 1 0 2 1 0.5686544 1.351098
0 2 0 0 2 0 0.9946206 0.9849742
1 2 1 1 2 0 1.324923 -1.378181
1 1 1 0 2 0 1.321324 -1.254985
1 2 1 0 2 2 -0.9343674 -0.4116693
0 2 1 0 2 0 0.8186234 -0.3312181
0 1 1 0 0 0 1.907594 0.09326202
0 2 1 0 2 1 -0.8272025 -0.7224108
0 2 2 0 2 0 0.09835612 1.479321
1 2 1 0 0 0 0.2445228 -0.18505
1 2 1 0 0 0 0.6584564 -0.1469191
0 2 1 0 2 0 0.2836918 0.1868863
0 1 0 0 2 0 0.4245343 -0.258041
0 2 1 0 2 2 -1.427824 -0.2983494
1 2 1 0 2 2 0.3635602 -2.344492
0 2 1 0 2 1 -1.164689 -1.480628
0 2 1 0 2 0 -0.3761765 -0.1884752
1 2 1 0 2 0 -0.6918729 -1.323609
0 2 1 0 2 0 -0.7069389 -1.023767
0 2 0 0 2 0 -0.5859454 0.1873692
0 2 1 2 2 0 1.361857 -1.632001
0 1 1 0 2 0 -0.3669737 -0.1269562
0 0 1 0 2 0 -0.3986596 -1.437659
1 2 1 0 2 0 0.9464783 -1.754688
0 2 1 2 2 0 -0.5468428 0.3143736
1 2 0 0 2 2 -0.5986474 0.534374
0 2 1 1 2 2 -1.063996 0.6060345
0 2 1 0 2 1 0.3872358 -0.1590402
0 0 1 0 1 1 0.2588925 -0.8262729
1 2 1 0 0 1 -0.1868636 -0.6983448
1 2 2 0 2 0 0.0236637 -1.121825
1 2 2 0 2 0 -1.245171 -1.799621
0 2 1 0 2 2 1.106371 1.073221
0 2 1 1 2 0 -1.317724 0.7941829
0 2 0 0 2 0 1.349237 0.01811117
0 0 1 0 1 0 -0.4152327 0.6953431
0 2 1 0 2 0 -0.199007 1.65783
1 2 1 0 0 1 2.366963 0.8875267
0 2 1 2 2 0 0.03686859 1.021845
0 2 1 0 2 0 -0.7633545 -1.441737
0 2 1 1 2 0 -0.328731 1.307182
0 2 1 0 2 0 1.138883 -1.280172
0 2 1 0 2 0 -2.191161 -0.4318054
1 2 0 0 0 0 -1.537448 0.02367935
0 2 1 0 2 0 -0.9303548 0.6320212
0 2 1 0 0 0 0.1210316 -0.4465895
0 2 0 0 2 1 0.9376665 1.094438
0 2 1 0 2 1 1.464511 0.1684653
1 2 1 0 2 1 1.175388 -1.020945
0 2 1 2 2 0 0.5656044 -0.4085611
0 2 1 0 2 0 0.880194 -0.4630465
0 2 1 0 2 1 -0.4764968 0.9036285
0 1 1 2 2 1 -0.09346994 -0.6949512
1 2 1 0 0 0 0.4786836 -0.6945611
0 2 1 0 1 1 -0.07271147 0.1136093
0 1 1 0 0 0 0.474105 -2.274349
0 2 0 0 2 0 -0.5785592 0.3766046
1 2 1 0 2 0 0.3281633 -0.4677826
0 2 1 0 2 0 -0.7344706 1.451626
1 2 1 1 2 2 0.5602847 -1.68301
0 0 0 2 0 2 0.8210081 0.5821632
0 2 2 1 0 2 0.01279588 0.4696199
0 2 2 2 2 2 -0.6439605 0.6876022
0 2 2 2 2 2 -1.869172 1.670948
0 0 2 2 2 2 -0.8374213 0.1721631
0 0 2 0 2 2 0.3153085 -0.6663369
1 2 2 2 2 2 -1.022286 -0.2156968
0 2 2 2 1 2 -0.1130735 0.005214646
0 2 2 2 2 2 -1.65845 -1.031693
0 2 1 2 2 2 0.2459073 -0.849157
1 2 1 0 2 2 0.4204547 0.9038724
0 1 0 2 2 2 0.7816013 -0.8706064
0 2 1 2 2 2 0.3955795 -0.7227611
0 2 2 2 2 2 0.5682942 -1.630245
0 2 2 2 2 0 1.10723 -0.3534584
1 2 2 1 2 2 0.7984387 -1.323506
0 2 2 1 2 2 -0.3483636 0.6392256
0 2 2 2 2 2 0.5948535 -0.712461
0 2 2 2 2 0 0.04091537 1.027853
0 1 2 2 2 1 1.473935 0.5185583
0 2 2 1 2 2 1.052518 -0.6573835
0 2 2 1 2 2 -0.8048491 1.550543
0 2 0 2 0 1 -0.9070193 0.1919398
1 2 2 2 1 0 0.674638 -1.0902
0 2 0 2 2 2 -0.113527 0.1650115
0 2 0 2 2 2 -1.914998 0.1552142
0 2 2 1 2 2 -1.020326 -0.4941511
0 2 2 2 2 2 -1.693458 -0.3270596
0 2 2 2 2 1 0.5886099 2.862479
0 0 2 0 2 2 -1.002486 -1.743983
0 1 2 2 2 2 1.091987 -0.849303
0 2 2 1 2 1 -1.381345 -1.199815
1 2 2 0 2 2 -0.8872095 -1.035001
0 2 2 2 2 2 -1.22849 0.3076348
1 2 2 2 2 2 1.240088 -1.184815
1 2 1 1 2 2 -0.09253615 -1.507099
0 2 2 2 2 2 0.1979561 0.04969434
0 0 1 2 2 2 -0.6558982 0.1392051
0 2 2 2 2 2 -0.959849 1.87947
1 2 0 0 2 0 -0.7067755 -0.6121917
0 0 2 2 2 2 0.4311071 0.1295986
0 2 2 1 2 2 -0.4180719 1.145502
0 2 2 2 2 2 0.5160236 -0.9634365
1 0 2 2 2 2 -2.297507 -0.4959826
0 2 2 2 1 0 0.8597441 0.246103
1 2 2 2 2 2 -0.6343913 0.2968739
0 2 0 2 2 2 -0.4165066 2.33857
0 2 2 2 2 2 -1.102382 -0.3209001
0 2 2 2 2 2 0.4509301 1.655071
0 2 2 2 0 2 0.782455 -1.249432
0 2 2 1 1 2 -0.08259837 -1.53937
0 2 2 2 0 1 -1.143142 0.4095581
0 2 2 2 1 2 0.3395312 -0.01158456
1 2 0 2 0 2 -0.7419099 0.2274355
0 0 2 2 1 2 -1.873821 -0.2544169
0 2 2 2 2 2 0.1676554 0.3383444
0 2 1 2 1 2 0.0448896 0.4684997
0 2 1 2 2 2 0.2473694 -0.5306803
0 2 1 2 2 2 0.08051888 0.110557
0 2 2 2 2 1 -0.01598258 -0.9318942
0 2 2 1 2 2 -0.932046 -0.6064569
0 1 0 2 2 2 -0.9001991 0.4483058
0 2 2 1 2 2 1.148231 -0.2996748
0 2 2 2 2 2 0.8436224 0.4648794
0 2 0 2 2 2 0.0502685 -1.006158
0 0 2 2 2 0 2.488405 -0.7758899
0 2 2 2 2 2 0.5839354 -0.6004933
1 2 2 2 0 2 1.294723 0.3961296
0 2 2 2 2 2 2.675596 -0.2270881
0 2 2 2 2 1 -0.08164651 -0.4527277
0 2 2 2 2 2 -0.1354432 0.9662427
1 2 2 1 2 2 -0.9551164 -0.9410847
0 2 2 1 2 2 -0.5347316 0.6117147
0 2 2 1 2 1 1.200768 -0.02422919
0 2 2 2 2 2 -1.209904 -0.5594795
0 2 2 0 2 2 -1.085862 -0.9497476
0 2 2 0 0 2 0.6807245 0.5298146
0 2 2 2 2 2 1.064196 -0.7932027
0 2 2 2 2 0 -0.3031328 0.6915153
0 2 2 2 2 2 1.199635 1.47911
1 2 2 2 1 2 1.000494 -1.83815
0 0 2 2 2 1 0.6299846 1.016397
1 2 2 2 1 2 0.8157214 -0.565401
0 0 2 2 2 2 -1.002598 0.4590904
1 2 2 2 2 2 0.8512073 -0.9766609
1 2 2 2 2 2 -1.775599 -0.2061384
0 2 2 2 2 2 -0.08197409 -0.8434975
0 2 2 2 2 2 0.2905951 0.001698475
0 0 2 2 2 0 -1.344429 -0.457056
0 2 2 2 0 2 -0.06910973 0.4892851
0 2 2 2 2 2 -0.8148401 -0.01169272
0 1 2 2 2 0 -0.1899196 0.3357466
0 2 2 0 2 2 0.7755959 1.391631
0 2 1 1 2 2 0.6191092 0.6959188
0 2 1 2 0 2 0.4698564 0.6893694
0 2 2 2 2 2 -0.5000562 0.3387733
0 2 2 2 2 2 0.4083122 -0.6705502
0 0 2 2 2 2 0.2609761 0.7209615
1 2 2 2 2 1 0.3975747 0.5888538
0 2 2 2 2 0 0.5488291 0.004878941
0 2 0 2 2 2 1.521427 -1.943498
0 2 2 2 0 2 0.2173449 0.8181259
0 2 1 2 2 2 1.526425 -1.04662
0 2 2 2 1 2 1.222982 -0.7771222
0 1 2 0 2 2 0.0410768 -0.419568
0 0 2 0 2 0 1.274983 -0.6015796
0 2 2 2 2 2 -0.6435501 -0.8760007
0 2 0 2 1 2 0.002893238 0.4001131
0 2 0 2 2 2 0.1657209 -0.6409064
0 2 2 2 2 2 1.602431 0.09306512
0 2 2 2 2 2 -1.427174 0.3348628
0 0 2 2 2 2 0.3159848 -0.09871535
0 1 2 2 0 2 -1.4118 -0.3308913
0 0 2 1 2 2 -0.4339 1.374611
0 2 2 0 2 2 -0.5473754 0.114228
0 2 2 2 2 2 0.6581663 -1.024852
0 2 1 0 2 2 2.766067 0.3430144
0 2 2 0 2 1 0.4886411 -1.881815
0 2 2 2 2 2 0.8003704 -0.510938
0 2 2 2 0 2 0.4460788 -0.0695978
0 2 2 2 2 2 -1.608825 -0.4936907
1 2 2 2 2 2 1.564703 -0.1955597
0 2 1 1 2 0 0.1829661 -0.0395264
0 2 2 2 2 2 -0.09445095 -2.285354
0 2 2 2 2 1 -0.4059385 0.03551333
0 2 2 2 2 0 -0.3236756 -0.9838712
0 2 2 2 2 2 -1.135018 -0.8284913
0 2 2 2 2 1 0.2210355 0.3829127
0 2 2 2 2 1 -0.7143411 -0.9425894
0 2 2 2 2 2 0.9258634 0.9736588
0 2 2 2 2 2 0.7643981 -0.2169828
0 1 2 2 2 2 -1.043406 -0.4279328
0 2 2 2 2 2 -1.080247 0.4483351
0 2 1 2 2 2 -0.8452602 0.4668079
0 2 2 1 2 2 0.4991417 0.5463577
0 2 2 2 1 2 -1.14993 2.093681
0 2 0 2 2 1 0.9644018 -0.07378319
0 2 2 2 2 2 0.005747774 -1.067606
0 2 2 2 2 2 0.6247561 0.025763
0 2 2 2 2 2 1.422152 -0.8091017
0 2 2 2 2 2 1.855754 -1.249443
0 2 2 2 2 0 0.855204 3.170739
1 2 0 2 0 0 0.6582727 -0.4318435
0 1 2 2 2 0 -0.2739421 1.237155
0 2 2 2 1 1 0.5902734 -0.5464388
0 2 2 2 2 2 1.767747 -0.9950313
0 0 2 2 2 2 0.222633 0.3936059
0 2 2 2 2 2 0.4473878 -0.2506795
0 0 2 2 2 0 0.4545324 0.7829477
0 2 2 2 2 1 0.3081813 1.20368
0 2 2 2 2 2 0.5751966 1.208985
0 2 1 2 2 2 0.8918897 -0.09873326
0 2 0 2 2 2 0.3484305 -0.5346504
0 0 2 2 2 2 -0.07290405 0.08023597
0 0 2 1 0 2 -2.318136 0.4388635
0 2 2 1 2 0 0.4119903 -0.9870582
0 2 2 2 1 2 0.01405676 -0.1526685
0 1 1 2 2 2 -0.9080018 0.8033596
0 2 2 2 0 2 0.4868141 -1.441485
0 2 2 1 2 2 -1.15245 1.551108
0 2 2 2 2 2 -0.1026653 -0.3865757
0 2 2 2 2 2 -0.5967674 0.6966515
0 2 2 1 2 0 1.08806 -1.421632
0 2 1 2 2 2 0.873126 -0.2167022
1 0 2 2 2 1 2.341303 -1.049712
0 0 2 2 2 2 2.126287 1.088217
1 0 2 0 2 2 1.313156 -0.9854223
0 2 2 2 2 0 2.152034 0.5116477
0 2 2 2 2 2 1.500455 0.0958049
0 2 2 1 2 1 -1.091072 -0.8610152
0 0 2 2 2 2 1.356669 -0.6675331
0 2 2 2 2 1 -0.3789479 0.9199678
1 1 1 2 2 0 0.3306001 -0.06345623
1 2 1 2 2 2 -0.6681505 -1.226516
0 2 2 2 2 2 -0.7893285 1.742947
0 0 2 0 2 2 -0.3262345 -0.7253238
0 2 2 2 1 2 0.9962038 1.518475
0 2 2 2 2 0 -0.6348437 1.162681
0 2 1 2 2 2 -1.632466 -0.830954
0 2 2 0 2 2 1.327187 0.5292056
0 2 2 1 2 2 -0.3517354 0.6367053
0 2 2 2 2 1 -0.2769475 0.02588512
0 2 2 2 0 2 -1.345515 -0.5444334
0 0 2 2 2 2 0.2417967 -0.0958801
0 0 2 0 2 1 -2.713422 0.8020602
0 2 2 0 2 2 0.1496108 0.7331189
0 2 0 1 1 2 0.9025619 -0.4093856
0 2 2 2 2 2 0.1885029 1.858704
0 2 2 2 2 2 -0.03955608 0.5061346
0 1 2 0 2 2 0.9920435 -0.5965985
0 0 1 2 0 2 1.082951 1.907695
0 2 1 2 2 2 0.6689767 2.193377
0 2 2 0 2 2 -0.2649615 -0.5245735
0 2 2 2 2 2 -1.148656 -0.02681595
0 1 1 2 2 2 0.8283425 1.456647
0 2 2 1 2 1 -0.6086302 -1.146871
0 2 2 2 2 2 1.737239 0.2742903
0 1 2 2 2 2 -2.126948 0.5739307
0 0 0 2 2 2 1.098462 -1.577278
