0.0930233 0.301557 0.122353 0.325196 0.109339 0.330492 0.109649 0.323425 0.132321 0.324178 0.0818182 0.310417 0.133772 0.336493 0.0655022 0.294707 0.0833333 0.438839 0.111111 0.454355
0.092827 0.301557 0.122066 0.325196 0.109091 0.328567 0.109409 0.323425 0.132035 0.324178 0.081448 0.310417 0.133479 0.336493 0.0655022 0.294707 0.0833333 0.438839 0.111111 0.454355
0.0943396 0.301557 0.123832 0.325196 0.108844 0.328567 0.109409 0.323425 0.131749 0.324178 0.0812641 0.310417 0.135371 0.336493 0.0673913 0.292842 0.0833333 0.438839 0.111111 0.454355
0.0943396 0.301557 0.123543 0.325196 0.108597 0.328567 0.10917 0.323425 0.131466 0.324178 0.0810811 0.310417 0.134783 0.334629 0.0672451 0.292842 0.0833333 0.438839 0.111111 0.454355
0.0943396 0.301557 0.123256 0.323815 0.108352 0.328567 0.10917 0.323425 0.131183 0.324178 0.0808989 0.310417 0.13449 0.334629 0.0670996 0.292842 0.0833333 0.438839 0.111111 0.454355
0.0941423 0.301557 0.124711 0.323815 0.107865 0.328567 0.108696 0.32156 0.132479 0.324178 0.0803571 0.310417 0.133621 0.334629 0.0668103 0.292842 0.0833333 0.438839 0.103448 0.454355
0.0939457 0.301557 0.124424 0.323815 0.107383 0.328567 0.107991 0.32156 0.132196 0.324178 0.08 0.307966 0.133047 0.334629 0.0665236 0.292842 0.0833333 0.438839 0.101695 0.454355
0.0939457 0.301557 0.124138 0.323815 0.107383 0.328567 0.107759 0.32156 0.131915 0.322343 0.08 0.307966 0.132762 0.334629 0.0665236 0.292842 0.0833333 0.438839 0.101695 0.454355
0.09375 0.30028 0.123853 0.323815 0.107383 0.328567 0.107527 0.32156 0.131915 0.322343 0.0798226 0.307966 0.132762 0.334629 0.0663812 0.292842 0.0819672 0.438839 0.101695 0.454355
0.0952381 0.30028 0.123288 0.323815 0.107143 0.328567 0.106838 0.32156 0.132911 0.322343 0.0814978 0.307966 0.131915 0.332253 0.0662393 0.292842 0.0819672 0.438839 0.101695 0.454355
0.0952381 0.30028 0.123007 0.323815 0.106667 0.326116 0.106383 0.319185 0.132911 0.322343 0.0813187 0.307966 0.131356 0.332253 0.0662393 0.292842 0.0819672 0.438839 0.101695 0.454355
0.0952381 0.30028 0.122727 0.32189 0.10643 0.326116 0.106157 0.319185 0.132353 0.322343 0.0811404 0.307966 0.130802 0.332253 0.0660981 0.292842 0.0819672 0.438839 0.101695 0.454355
0.0948454 0.30028 0.122449 0.32189 0.106195 0.326116 0.106157 0.319185 0.132353 0.322343 0.0809628 0.307966 0.132353 0.332253 0.0659574 0.290466 0.0819672 0.438839 0.101695 0.454355
0.0938776 0.298499 0.121896 0.32189 0.105495 0.326116 0.107368 0.319185 0.131799 0.322343 0.0827887 0.307966 0.131524 0.332253 0.065678 0.290466 0.0819672 0.438839 0.101695 0.454355
0.0934959 0.298499 0.121622 0.32189 0.105495 0.326116 0.106918 0.319185 0.131524 0.322343 0.0827887 0.307966 0.133333 0.330977 0.065678 0.290466 0.0819672 0.438839 0.101695 0.454355
0.0933063 0.298499 0.121622 0.32189 0.105263 0.326116 0.106918 0.319185 0.13125 0.320534 0.0826087 0.30665 0.133333 0.330977 0.065678 0.290466 0.0819672 0.438839 0.101695 0.454355
0.0951417 0.298499 0.121348 0.32189 0.105033 0.326116 0.106695 0.319185 0.13125 0.320534 0.0826087 0.30665 0.133056 0.330977 0.065678 0.290466 0.0819672 0.438839 0.1 0.445105
0.0951417 0.298499 0.121076 0.32189 0.104575 0.326116 0.10625 0.317376 0.130977 0.320534 0.0826087 0.30665 0.13278 0.330977 0.0655391 0.290466 0.0819672 0.438839 0.0983607 0.445105
0.0945674 0.298499 0.123043 0.32189 0.104348 0.323703 0.108108 0.317376 0.130165 0.320534 0.0824295 0.30665 0.132505 0.330977 0.0655391 0.290466 0.0819672 0.438839 0.0967742 0.445105
0.094 0.296743 0.122768 0.32189 0.103896 0.323703 0.107884 0.317376 0.12963 0.320534 0.0822511 0.30665 0.132231 0.330977 0.0654008 0.290466 0.0819672 0.438839 0.0967742 0.445105
0.0956175 0.296743 0.122222 0.319996 0.103004 0.323703 0.107438 0.317376 0.12963 0.320534 0.0815451 0.30665 0.13347 0.330977 0.0652632 0.290466 0.0819672 0.438839 0.0967742 0.445105
0.0952381 0.296743 0.121681 0.319996 0.102128 0.321327 0.107216 0.317376 0.129363 0.320534 0.0808511 0.304274 0.132924 0.330977 0.0649895 0.290466 0.0819672 0.438839 0.0967742 0.445105
0.0950495 0.296743 0.12362 0.319996 0.101911 0.321327 0.107216 0.317376 0.129098 0.320534 0.0808511 0.304274 0.132653 0.329195 0.0648536 0.290466 0.0819672 0.438839 0.0967742 0.445105
0.0946746 0.296743 0.123077 0.319996 0.101266 0.321327 0.108384 0.317376 0.128571 0.318229 0.0805085 0.304274 0.132653 0.329195 0.06875 0.28919 0.0819672 0.438839 0.0967742 0.445105
0.0944882 0.296743 0.122538 0.319996 0.10084 0.321327 0.110204 0.316643 0.128571 0.318229 0.0803383 0.304274 0.132653 0.329195 0.0686071 0.28919 0.0819672 0.438839 0.0967742 0.445105
0.0943026 0.296743 0.122271 0.319996 0.1 0.318987 0.109533 0.316643 0.127789 0.318229 0.0819328 0.304274 0.132114 0.329195 0.0681818 0.28919 0.0819672 0.438839 0.0967742 0.445105
0.0941176 0.295012 0.122004 0.319996 0.0995851 0.318987 0.109312 0.316643 0.127789 0.318229 0.0819328 0.304274 0.131846 0.329195 0.0681818 0.28919 0.0819672 0.438839 0.0967742 0.445105
0.0941176 0.295012 0.121739 0.318131 0.0995851 0.318987 0.109312 0.316643 0.127789 0.318229 0.0819328 0.304274 0.131579 0.329195 0.0681818 0.28919 0.0819672 0.438839 0.0967742 0.445105
0.09375 0.295012 0.12069 0.318131 0.100616 0.318987 0.11022 0.316643 0.127273 0.318229 0.08125 0.302466 0.131048 0.329195 0.0736196 0.28919 0.0819672 0.438839 0.09375 0.445105
0.0955166 0.295012 0.12043 0.318131 0.100616 0.318987 0.11 0.314887 0.127273 0.318229 0.0810811 0.302466 0.131048 0.329195 0.0734694 0.288456 0.0819672 0.438839 0.09375 0.445105
0.0949612 0.295012 0.12043 0.318131 0.1 0.317205 0.109344 0.314887 0.127016 0.318229 0.0810811 0.302466 0.130261 0.329195 0.0753564 0.288456 0.0819672 0.438839 0.09375 0.445105
0.0967118 0.295012 0.119914 0.318131 0.0997963 0.317205 0.108911 0.314887 0.126761 0.318229 0.0807453 0.302466 0.132 0.327439 0.0752033 0.288456 0.0819672 0.438839 0.09375 0.445105
0.0963391 0.295012 0.119149 0.315755 0.0991903 0.317205 0.108055 0.314887 0.128 0.316473 0.0802469 0.302466 0.131213 0.327439 0.0745968 0.288456 0.0819672 0.438839 0.09375 0.445105
0.0963391 0.295012 0.119149 0.315755 0.0991903 0.317205 0.107843 0.312647 0.127745 0.316473 0.0800821 0.302466 0.132937 0.327439 0.0745968 0.288456 0.0819672 0.438839 0.0923077 0.445105
