134 14 169 63 46 9 121 4 130 65 19 106 9 25 85 1 0 0 0 0 0 0 0 0 0 0 1000
145 18 164 61 41 9 119 129 4 65 22 111 7 81 22 2 0 0 0 1000
139 18 166 71 43 111 7 126 3 68 21 107 10 83 23 4 0 0 0 0 0 0 0 0 0 0 0 0 0 0 0 0 0 1000
138 19 171 68 46 11 106 140 3 55 27 103 84 5 22 2 0 0 0 0 0 1000
139 16 69 171 43 110 10 143 1 45 27 108 79 5 33 1 0 0 0 0 0 1000
138 14 81 170 40 99 11 148 0 45 28 101 90 4 31 0 0 0 0 0 0 0 0 0 1000
147 11 75 172 45 106 8 134 60 0 26 86 107 18 5 0 0 0 0 0 1000
149 12 73 164 42 107 10 145 50 0 95 31 96 24 2 0 0 0 0 0 0 0 0 0 0 0 1000
146 66 17 161 41 114 10 152 45 0 85 32 105 25 1 0 0 0 1000
150 65 16 174 119 39 10 141 52 81 0 29 103 20 0 1 0 0 0 0 0 0 0 0 0 0 0 0 1000
