-5420.87 -3659.25 -1761.62
-5426.98 -3657.76 -1769.22
-5416.52 -3637.29 -1779.23
-5450.88 -3661.36 -1789.52
-5441.51 -3664.7 -1776.82
-5453.31 -3678.14 -1775.18
-5433.32 -3645.84 -1787.49
-5444.32 -3646.18 -1798.15
-5461.54 -3672.88 -1788.67
-5430.35 -3647.28 -1783.08
-5411.24 -3615.57 -1795.67
-5442.93 -3647.93 -1794.99
-5445.41 -3645.55 -1799.86
-5452.5 -3648.41 -1804.09
-5444.42 -3641.59 -1802.84
-5444.28 -3638.07 -1806.21
-5512.42 -3683.14 -1829.28
-5446.15 -3634.07 -1812.07
-5470.52 -3667.31 -1803.21
-5443.28 -3652.92 -1790.36
-5407.58 -3620.09 -1787.49
-5413.22 -3639.74 -1773.49
-5409.46 -3626.95 -1782.51
-5419.93 -3623.18 -1796.75
-5447.17 -3645.46 -1801.71
-5509.34 -3689.89 -1819.45
-5517.07 -3684.57 -1832.5
-5503.96 -3678.53 -1825.43
-5463.58 -3675.3 -1788.28
-5460.03 -3687.49 -1772.53
-5444.38 -3686.13 -1758.25
-5424.7 -3672.63 -1752.07
-5448.09 -3682.01 -1766.08
-5429.4 -3674.23 -1755.17
-5427.09 -3663.46 -1763.64
-5448.72 -3686.97 -1761.75
-5412.03 -3656.73 -1755.3
-5446.54 -3669.86 -1776.68
-5455.75 -3675.39 -1780.36
-5434.51 -3660.9 -1773.61
-5420.94 -3628.04 -1792.9
-5433.68 -3663.59 -1770.09
-5477.18 -3693.32 -1783.86
-5451.87 -3686.92 -1764.95
-5484.21 -3680.75 -1803.46
-5492.48 -3686.87 -1805.61
-5468.51 -3688.89 -1779.62
-5453.53 -3676.4 -1777.13
-5453.76 -3678.45 -1775.31
-5455.25 -3682.88 -1772.37
-5466.52 -3694.26 -1772.25
-5483.7 -3705.41 -1778.29
-5435.15 -3672.52 -1762.63
-5440.35 -3676.41 -1763.94
-5430.12 -3665.15 -1764.97
-5435.82 -3673.33 -1762.48
-5438.71 -3683.53 -1755.18
-5450.04 -3683.38 -1766.65
-5443.63 -3680.78 -1762.85
-5445.9 -3690.75 -1755.15
-5439.69 -3702.44 -1737.25
-5437.08 -3714.59 -1722.48
-5418.65 -3682.32 -1736.33
-5479.72 -3718.98 -1760.75
-5431.07 -3669.99 -1761.09
-5441.67 -3674.58 -1767.09
-5450.83 -3676.1 -1774.73
-5459.76 -3673.06 -1786.7
-5426.76 -3657.11 -1769.64
-5427.55 -3673.01 -1754.53
-5490.5 -3697.23 -1793.28
-5469.68 -3689.2 -1780.48
-5490.5 -3694.13 -1796.37
-5495.72 -3684.94 -1810.77
-5445.57 -3668.74 -1776.83
-5434.93 -3687.48 -1747.45
-5489.23 -3718.08 -1771.15
-5446.24 -3693.35 -1752.89
-5409.37 -3664.67 -1744.7
-5468.08 -3713.79 -1754.3
-5447.86 -3666.51 -1781.35
-5379.13 -3630.37 -1748.76
-5429.02 -3647.78 -1781.24
-5508.62 -3691.03 -1817.59
-5443.54 -3653.21 -1790.33
-5437.47 -3657.41 -1780.06
-5449.52 -3652.82 -1796.7
-5436.49 -3664.62 -1771.87
-5450.8 -3671.94 -1778.86
-5448.16 -3664.46 -1783.7
-5472.83 -3677.91 -1794.92
-5454.93 -3656.29 -1798.63
-5485.58 -3692.72 -1792.86
-5452.08 -3656.56 -1795.51
-5477.36 -3673.03 -1804.32
-5444.7 -3642.29 -1802.41
-5446.96 -3658.38 -1788.58
-5462.17 -3667.22 -1794.95
-5469.69 -3672.41 -1797.28
-5473.09 -3664.68 -1808.41
