0.945104 0.948606 0.911229 0.934859 0.99503 0.894092 0.902794 0.7708 0 0
0.945104 0.948606 0.911229 0.934859 0.99503 0.894092 0.902794 0.7708 0 0
0.945104 0.948606 0.911229 0.99388 0.99503 0.894092 0.902794 0.7708 0 0
0.945104 0.948606 0.911229 0.99388 0.99503 0.894092 0.902794 0.7708 0 0
0.945104 0.948606 0.987203 0.99388 0.99503 0.894092 0.902794 0.7708 0 0
0.945104 0.948606 0.987203 0.99388 0.99503 0.911622 0.902794 0.970498 0 0
0.945104 0.948606 0.987203 0.99388 0.99503 0.911622 0.902794 0.970498 0 0
0.945104 0.948606 0.987203 0.99388 0.99503 0.911622 0.902794 0.970498 0 0
0.945104 0.948606 0.987203 0.99388 0.99503 0.911622 0.902794 0.970498 0 0
0.945104 0.955966 0.987203 0.99388 0.99503 0.911622 0.902794 0.970498 0 0
