2.46172  1.36676 
2.57378  1.69042 
2.35216  1.7347 
0.493527  1.55915 
1.86834  1.85915 
1.90635  1.65462 
1.86081  1.65429 
1.8929  1.62569 
1.84033  1.83037 
1.79304  1.36923 
1.75542  1.40555 
1.9026  1.3901 
1.78374  1.46677 
1.82536  1.55591 
1.91199  1.72923 
1.81832  1.57972 
1.88258  1.85099 
1.82889  1.54859 
1.85268  1.5765 
2.17817  1.62252 
2.18242  1.69439 
1.77358  1.46197 
1.76726  1.37831 
1.85006  1.23211 
6.36421  1.18785 
3.67402  3.53369 
1.66254  4.78177 
1.82512  3.72342 
1.83929  2.97139 
1.71729  1.29808 
1.69883  1.30204 
1.69472  1.30018 
1.71113  1.29131 
1.67289  1.31279 
1.78538  1.48813 
2.38037  2.47729 
2.37855  1.92882 
2.26951  1.48306 
2.2976  1.70665 
1.86925  1.64095 
1.89559  1.65611 
1.90515  1.73711 
1.96766  1.47964 
1.92419  1.68114 
2.24367  1.83473 
2.32232  2.37052 
2.34052  2.19104 
2.36084  2.16446 
2.36013  2.19246 
1.99545  1.25896 
1.99313  1.97113 
1.98589  1.9644 
1.95152  2.00076 
2.00353  1.87566 
1.48702  1.51126 
1.78031  1.85394 
1.85502  1.86358 
1.85873  1.85468 
1.82378  1.56545 
2.0951  1.87602 
2.06521  0.916096 
2.3419  1.99807 
2.40465  2.11081 
1.7181  1.37128 
1.76941  1.54495 
1.78873  1.81979 
1.81836  1.57127 
1.79132  1.63531 
1.76381  1.81066 
1.77428  1.45698 
1.77254  1.81979 
1.81855  1.43958 
1.75025  1.3877 
1.76473  1.81979 
1.81979  1.07975 
1.81811  1.40757 
1.81798  1.80224 
1.71401  0.984629 
1.81627  1.43658 
1.77738  1.49534 
1.77087  1.81979 
1.81902  1.46157 
1.84454  1.47752 
2.22058  1.30672 
2.09756  1.62646 
2.07044  1.49983 
2.14016  1.78246 
2.11814  1.74832 
2.72002  1.63763 
1.93008  1.33281 
2.08494  1.72798 
2.04944  1.59545 
1.47782  1.1327 
1.62273  1.58746 
1.5751  1.26302 
1.68261  1.7356 
1.61436  1.28116 
1.58034  1.19926 
1.74601  1.25495 
1.63235  1.26891 
