0.427225 3.28897
0.427191 3.28121
0.427188 3.27811
0.427154 3.27966
0.427044 3.27191
0.427017 3.26727
0.427 3.26727
0.426824 3.25644
0.426867 3.25489
0.426938 3.25798
0.426959 3.26107
0.426856 3.25335
0.42683 3.25489
0.426883 3.25489
0.426804 3.25181
0.426632 3.24102
0.426599 3.23485
0.426538 3.23331
0.426463 3.22869
0.426372 3.22408
0.426324 3.21793
0.426346 3.21793
0.426348 3.21793
0.426339 3.21639
0.426309 3.21332
0.426293 3.21178
0.426312 3.21332
0.42619 3.20719
0.426185 3.20259
0.426217 3.20565
0.426139 3.19953
0.426158 3.198
0.426081 3.198
0.426 3.19035
0.425896 3.18271
0.425935 3.18576
0.425906 3.18271
0.425815 3.17661
0.425718 3.1705
0.425702 3.16745
0.425725 3.1705
0.425716 3.16593
0.425722 3.16593
0.425736 3.16745
0.425766 3.16441
0.425782 3.16897
0.425742 3.16593
0.425709 3.16441
0.425538 3.1553
0.425523 3.15074
0.425447 3.14619
0.425411 3.14316
