9.98975 -10.0439 2.89491 -5.11157 2.02272 19.9386
2.9526 9.82133 -9.93765 19.9399 -5.04787 2.19905
9.97504 -10.0148 3.03181 -5.71117 -42.39 -31.3726 14.5473 15.9899 -5.049 2.20575 20.096 13.6471 -10.9362 -12.0367 -3.9362 24.722
-10.1484 3.02291 9.92757 15.2582 2.26192 19.9753 -5.08483 34.8066
3.01882 9.79522 -10.0238 41.2898 19.8126 -5.06376 2.03533 49.469
-10.0169 2.98045 9.78998 2.18008 19.9877 -5.15308
-9.95405 2.91144 9.96595 1.9299 20.0686 -4.96849
3.08181 9.8001 -10.0533 19.9872 -5.1899 2.25007
9.78125 -10.0074 3.09842 -5.04681 2.26658 20.0105
2.99547 9.89392 -10.0641 19.9927 -5.04592 2.22877
10.0788 -10.1265 2.97109 8.06664 3.47709 15.8258 9.01074 -5.04161 2.12077 20.0713 10.3063 43.6222 34.2774 22.941
-10.0618 3.0074 9.91094 2.3359 19.8785 -5.00392
3.01469 9.92147 -10.1344 20.0606 -5.03728 2.16688
9.9509 -10.0899 2.92402 1.75987 -4.94199 2.16192 20.0435 1.00262
-10.0342 2.89354 10.0116 -23.2324 62.3911 2.16278 20.0173 -5.02738 -38.9197 -35.9332
-10.0841 2.97262 9.94546 1.90631 19.9194 -5.03933
3.05324 9.98712 -10.0142 19.9236 -4.87391 2.01983
2.9656 9.95585 -10.097 16.9906 -10.2175 19.8727 -4.98622 2.44294 93.9628 18.338
9.87313 -10.118 3.08904 12.1969 -2.01882 20.0126 30.4644 -6.56448 -4.21385 -9.80378 -4.97438 2.27918 20.0466 15.9949 3.90811 37.1298 -15.7186 11.6587 37.9649 35.783
3.12621 9.8178 -10.0462 -25.7196 20.0857 -4.92466 2.26529 28.121
9.84486 -10.0267 3.00316 3.17902 -5.05358 1.98555 20.0282 -12.0301
-10.0879 2.89098 9.85332 2.29328 19.8466 -4.98048
-10.1114 2.96139 9.81308 -11.2582 2.20148 20.1291 -5.01181 16.378
-9.96316 2.97448 9.99943 -38.5593 -7.49855 62.015 2.2558 20.0686 -4.97301 45.8345 -19.4291 49.0825
9.95037 -10.1051 2.93447 -4.97212 2.21576 19.9736
-10.0612 2.90558 9.80532 -65.5749 2.12306 20.0447 -5.03849 -21.7346
9.84339 -9.98032 3.12538 -24.8264 3.24563 -5.15795 2.04499 20.0175 -8.17781 13.0804
-10.1045 3.02524 9.75386 21.8944 -8.35181 2.18705 19.9571 -4.97938 49.6931 6.01593
3.03956 9.86924 -9.99045 2.53588 43.1929 -19.0531 19.983 -5.13298 2.25069 -62.1404 39.7934 -10.1561
-10.1108 3.02724 9.92014 -12.9023 -17.4172 0.413855 2.07588 20.0578 -5.08261 33.6311 -33.4746 53.262
3.13898 9.74759 -10.1265 31.603 8.79907 21.7296 20.0028 -5.00971 2.15634 -42.6754 42.0398 19.1395
3.0559 10.0349 -10.1232 19.9207 -5.10233 2.12455
2.9509 9.92337 -10.2306 20.0148 -5.05938 2.23604
9.81416 -10.0264 3.13258 -5.1228 2.17382 20.1624
9.98135 -10.0052 3.02602 -13.6914 -5.1759 2.18752 20.0594 57.3071
-10.0225 3.06615 9.92383 31.165 1.82147 20.0506 -5.04025 13.8954
10.087 -10.0736 3.04097 -68.8325 2.72292 -5.03206 1.94977 19.9712 46.1254 -8.43674
2.98287 9.80113 -10.0917 19.9876 -5.22446 2.06455
-10.0286 3.00635 10.0825 2.25619 20.0345 -4.999
9.87305 -10.1172 3.02393 -38.0472 40.3764 13.0335 -5.10414 2.22262 20.0174 -52.2169 49.6813 21.7396
-10.056 3.00231 10.0433 -3.46174 36.8947 7.74729 49.6676 2.25401 20.13 -4.9086 -4.21181 19.1782 22.6669 76.7214
9.95191 -10.027 2.92107 41.7446 30.2603 -5.03412 2.24418 19.9626 20.2162 8.69312
-10.0829 2.95954 10.0163 28.4836 3.04749 -31.5747 -5.83083 -33.4179 2.16566 20.0758 -4.95365 -22.4366 -16.6144 1.57337 -2.60061 -21.7296
9.86423 -10.0255 2.85046 38.8778 -31.1612 30.7971 -20.0802 -30.5467 -3.05847 25.4154 -5.00194 2.01078 19.9943 17.8196 -11.9443 -12.3111 8.8799 -19.6854 -18.1378 53.0488
-10.0238 2.97243 9.98298 -2.08469 2.22151 20.103 -4.9241 14.2262
2.98947 9.6792 -10.0411 20.1072 -5.05888 2.111
-10.0447 3.03426 9.86652 -25.6264 -20.7706 2.31386 19.9058 -5.04567 -3.41392 24.3641
9.88338 -10.0025 3.02862 -4.96311 2.19532 20.0226
-9.93862 2.8213 10.0208 2.15119 19.9807 -5.05634
3.02406 9.88209 -10.0031 20.0326 -5.1934 2.13712
3.02362 9.96062 -10.0446 19.9716 -5.0552 2.26276
-10.1035 2.84008 9.8744 2.18327 20.0379 -5.03567
9.8742 -10.0905 3.05946 -3.92374 -5.12161 2.21321 20.0515 32.3994
9.82332 -10.0192 3.15036 -5.03136 2.08873 19.9941
3.04071 10.0508 -10.0228 -20.7413 20.0279 -4.96915 1.97821 2.05955
3.03206 9.84003 -10.0499 -30.2724 20.066 -5.16795 2.14435 32.3946
2.90391 9.98295 -10.0572 19.9882 -5.02698 2.23258
9.85239 -10.0432 3.11968 -4.21053 -5.04612 2.03788 20.0302 19.2942
-10.065 3.08061 9.93728 2.38399 20.1475 -4.92149
-10.1367 3.07231 9.84798 2.11668 19.9855 -5.06049
3.01323 9.91335 -10.0321 -20.3735 -17.5088 19.9706 -5.04086 1.9932 -16.0168 41.3548
9.7813 -10.0437 2.96863 -4.96811 2.30501 20.0306
3.26825 10.1335 -10.1262 20.0671 -5.02761 2.22508
-9.99837 2.98288 9.79787 2.23235 20.0277 -5.04969
9.96308 -9.9642 2.93118 42.9949 -5.14513 2.37048 20.0324 52.7694
-10.1174 2.97618 9.75979 46.1813 2.25352 20.0795 -4.92441 8.19581
-10.0811 2.97532 9.92106 4.7582 2.06804 20.1554 -5.07714 28.626
-9.96026 3.1748 9.84446 2.11429 19.9777 -5.01925
9.9234 -10.0418 3.09874 -4.98581 2.07287 19.9593
3.06586 9.82554 -10.0373 35.8323 19.9288 -5.11159 2.33977 -6.11288
9.83176 -9.92762 2.78648 -5.18034 2.16503 20.0578
-10.1113 3.04364 9.98636 2.13418 20.1308 -5.06871
9.9918 -10.0147 2.94414 -13.2038 -4.95226 2.21719 19.9817 21.3986
-10.0905 2.96526 9.87336 2.32686 19.888 -5.01121
3.02914 9.94043 -10.0377 -19.4205 20.0447 -5.09576 2.16813 19.4653
3.11343 9.9497 -10.0034 20.1198 -4.89506 2.25745
10.1429 -10.048 3.00334 -4.88089 2.13379 20.1579
9.80747 -10.012 2.89865 -14.7155 -27.271 9.17146 -5.19497 2.24942 19.9607 -5.27259 -9.06874 -12.2325
-10.1543 3.06427 10.008 -8.71793 -10.8699 2.17175 19.9773 -5.00679 -2.68235 25.0607
3.06099 9.80557 -10.1213 4.37289 -8.38918 20.0083 -5.01513 2.04481 18.0196 -4.50614
-10.0175 3.1058 9.94012 18.198 -15.9833 2.99647 2.23955 20.0673 -4.93843 -1.25932 -47.6491 40.4742
-10.001 2.94418 9.99521 -28.5353 -15.5383 2.04315 19.9155 -5.10044 -1.0723 8.09632
-9.96696 3.02334 10.0555 2.07914 19.9969 -4.86254
-10.0989 2.96433 9.89266 -16.9394 27.6719 -56.4758 2.01708 19.9876 -5.03141 7.24085 -46.3631 -38.9745
-10.034 2.93618 9.85729 7.62916 -38.0864 20.3262 -36.5045 2.19602 19.9641 -4.99881 15.3825 -9.59071 11.2902 -77.2031
2.9014 9.80973 -10.0881 19.9482 -5.03215 2.22203
-10.1385 3.0169 9.97532 -20.9464 -5.10622 2.06432 20.0783 -5.12936 55.2678 -13.1793
2.95288 9.99254 -10.1513 -15.0955 13.7748 20.0173 -4.98616 2.1316 27.4637 11.4289
-10.0995 2.94324 10.0283 22.1323 2.22637 20.0987 -5.03412 14.5758
9.78772 -10.0535 2.91817 27.3653 38.2128 -4.97101 2.14544 20.0908 9.50129 -16.3693
-10.0851 3.01141 9.80377 19.2298 2.24038 19.9011 -5.0877 24.4845
3.0073 9.85674 -10.0942 -17.7673 20.0822 -5.05754 2.14786 0.80601
9.91805 -10.0908 3.09536 -5.17263 1.97318 20.0732
-10.0929 3.05303 10.0021 31.8757 1.81724 2.07972 20.0004 -5.03333 2.86277 45.352
9.94929 -9.99679 2.96906 29.7848 -27.9425 -7.89957 8.3792 3.3152 -4.89213 2.17502 19.9356 8.44046 27.1532 -40.3494 60.1547 39.6199
-10.0765 2.93896 9.90861 -19.1453 -17.8125 1.99643 48.6929 26.3112 35.7153 71.6767 1.96079 19.9833 -5.00516 -4.77993 -6.12937 10.9952 37.9222 17.3544 3.63249 -55.5679
9.87313 -10.1612 2.92031 -5.09042 2.26102 19.9511
9.79373 -10.037 2.98893 -52.7234 26.2563 -41.7222 -55.8494 18.6497 -3.2959 -1.15728 20.756 -5.17872 2.29284 20.1479 29.3805 -12.6465 -1.8144 -0.570025 93.0055 -18.163 32.9632 54.4937
-10.0297 3.02979 9.80256 45.9337 2.20032 20.0127 -4.97808 21.6203
3.08818 9.79921 -10.0309 -13.2795 19.9905 -5.00035 2.04555 -3.58366
-10.0151 2.96499 10.0252 -15.0797 -30.5052 22.5416 2.26372 20.0015 -4.95661 33.2656 32.1491 47.879
3.02221 9.75582 -10.0151 27.0927 -2.85911 -0.552672 -27.3501 53.4955 8.41193 11.6282 19.977 -5.18092 2.03229 2.06149 69.3786 34.9235 -11.7301 -20.5475 19.5374 24.9139
3.07228 9.7767 -10.0604 19.2766 19.9381 -5.204 1.9489 10.6312
-10.115 3.08213 9.89799 -76.1533 24.5601 2.29999 19.9644 -5.08411 -31.4307 -40.4666
2.92222 9.91957 -10.0773 -31.9839 17.6227 19.9468 -4.9196 2.04018 -6.97823 -46.7786
-9.99819 2.94669 9.85894 2.20561 20.049 -5.1823
-10.1341 3.03299 9.88763 5.87172 27.3752 -37.1728 23.0782 2.22313 20.0308 -5.20621 -17.0873 9.41109 6.57725 51.4698
-10.1208 2.95392 10.0923 2.29947 20.0622 -5.04242
9.78774 -10.1381 2.97789 -5.08985 2.19493 20.0997
2.91818 9.8956 -10.0368 20.0336 -5.09358 2.13559
3.08973 9.95199 -10.0489 -23.6705 15.4618 20.1687 -4.86777 2.05537 -62.1321 -9.94261
9.84277 -9.91094 2.89929 -5.02383 2.15896 20.0273
10.0204 -10.1319 2.98962 -5.05784 2.39717 20.001
-10.176 2.85159 9.76274 26.3692 4.04307 -24.9382 40.846 2.44701 20.1142 -5.12091 -37.4639 17.4686 -20.7761 -10.0784
-10.1129 2.99008 9.82075 2.1054 20.0008 -5.08169
-10.1387 3.04896 9.90192 2.28098 20.1175 -5.03304
2.9257 9.75628 -10.0848 -16.579 20.0391 -5.03161 2.18557 13.9451
10.0645 -9.96636 2.9808 -4.99563 2.1109 20.0728
-10.0495 3.01425 10.0447 2.0244 19.9694 -5.0019
-10.0232 3.01287 9.90659 25.689 -7.53232 4.69167 2.03778 19.9679 -5.02535 25.6203 64.5432 -10.9969
9.7939 2.96802 -9.88517 -5.21072 19.9486 2.21952
10.0229 2.9399 -9.95743 -5.01154 19.9771 2.21566
9.70636 2.98334 -10.0889 -4.9928 20.0201 2.27056
3.00155 -9.97644 9.79369 19.9933 2.13985 -5.00759
-10.0361 9.85396 2.97992 -18.384 20.7931 -16.4509 -28.9147 2.28078 -5.03338 19.9735 16.645 -5.86623 44.8059 41.5586
-10.0405 3.01965 9.91243 -0.393266 2.89768 -0.21014 1.43094 2.22723 20.0619 -4.95365 -0.757735 -57.3285 34.3424 -0.618306
-10.0439 2.90352 9.93513 -1.48346 2.11174 20.0085 -5.10579 20.4124
-10.0636 3.0062 10.0663 -14.105 2.17146 19.9839 -5.07062 -14.5686
9.98609 -10.0876 3.01596 -18.1512 -14.8719 45.9448 22.436 -4.92198 2.21993 20.0723 -2.31868 -5.23532 40.0691 -29.018
9.85787 -10.0742 2.88581 -5.02623 2.23647 19.8612
-9.92205 3.03218 9.99795 18.8063 48.6432 1.63774 2.13111 20.0026 -4.98034 6.89449 35.3502 28.8479
-10.0767 3.03935 10.003 -32.3598 -32.3399 17.004 2.19778 20.0503 -5.0641 -57.5175 12.7648 46.5562
9.76138 -10.0103 2.94762 -22.3613 -19.8645 -1.5284 -18.9535 -5.00852 2.29784 20.1509 27.3819 -19.8879 -25.35 22.1268
10.0568 -9.99393 2.95115 5.77823 -38.5898 -4.9776 2.15247 20.0546 -21.3381 43.9761
3.06575 9.8373 -10.0952 -54.4008 20.02 -5.01579 2.15633 -0.162376
3.04191 9.93611 -10.121 -9.04871 19.9674 -5.08837 2.45671 58.3242
-10.0011 2.97979 9.89797 2.03177 20.0825 -4.99962
2.97825 10.053 -10.0643 19.9948 -4.9351 2.15173
-10.1106 2.99043 9.66394 2.26447 19.9943 -5.11625
9.70352 -10.0228 2.97795 -5.13589 2.05348 20.1117
2.9705 9.9975 -10.0973 30.512 20.1301 -5.05676 2.16702 -28.4789
9.93014 -10.0736 2.98758 9.08281 -4.89778 2.30135 19.9986 -15.9862
-10.1144 3.00803 10.0377 -38.1841 2.12343 20.0035 -5.03426 -4.50086
9.85831 -9.98168 2.99488 -5.05462 2.07759 20.1548
9.79329 -10.0133 2.92711 -9.51881 -5.12182 2.19627 20.0669 -38.3928
2.93942 9.7996 -9.99371 20.0911 -5.095 2.22804
3.07629 9.92618 -10.0212 20.1179 -4.99757 2.19403
3.01329 9.89196 -10.126 19.9914 -5.02964 2.29409
3.00141 9.869 -10.1106 19.9868 -5.04031 2.23644
9.93668 -10.0878 2.98095 -13.2348 -4.39555 -5.06895 2.12639 20.052 -32.734 -7.20873
3.01399 9.91292 -10.0909 20.1325 -5.05025 2.06908
-10.0318 2.94553 10.0164 2.19698 20.0849 -5.15458
9.85122 -10.0476 3.06116 -26.4822 -15.3896 54.7996 -5.05058 2.12191 20.1232 -38.1759 3.61292 2.02447
9.87501 -9.92405 3.0705 25.8932 -17.2479 6.47636 -4.98762 2.11765 19.9661 24.0444 3.51291 23.1686
-10.0546 3.02028 9.89057 -29.3771 2.26537 20.0689 -5.02201 18.3518
-9.95956 3.0643 9.86721 27.5834 8.24447 2.23233 20.0573 -4.98021 -48.7013 63.4504
2.9843 9.95048 -9.95811 0.0969162 21.0013 20.1766 -5.0899 2.22017 29.2538 -51.9169
-9.93311 3.08005 9.76024 2.34518 20.1297 -5.09226
9.87113 -10.0005 2.88239 -10.4472 -5.00234 2.24468 19.979 -51.8607
-10.0875 2.99157 9.91337 1.95247 19.9952 -5.07915
2.974 9.83417 -10.0077 34.7751 19.9233 -5.13264 2.23958 -18.8986
3.04135 9.8281 -10.128 2.3395 20.0102 -5.03678 2.16405 -3.01751
-10.0841 2.94788 9.91971 -16.8319 2.39141 20.1323 -5.03199 -28.3575
-10.0889 3.12315 9.90289 2.29759 20.055 -5.07947
9.83712 -10.108 2.9032 46.6142 -5.11703 2.45933 20.0955 -7.07844
3.0283 9.83526 -10.0419 -37.6346 20.0242 -5.06356 2.2392 53.5009
-10.0917 3.07889 9.99671 2.29315 20.08 -4.9627
9.95039 -10.0862 2.98305 -5.04766 2.31658 19.9939
2.98264 10.0372 -9.98345 19.9267 -5.04719 2.18138
9.82981 -10.0143 2.88993 0.288054 -10.3758 7.63363 -5.12437 2.29842 20.0455 43.2621 83.5267 18.9352
3.02151 9.89091 -10.0131 14.8617 -4.89503 0.534069 -18.7402 4.77618 -18.1507 20.0936 -5.02658 2.34075 -11.2261 -16.0403 -57.2217 -2.27581 -23.7969 18.9857
2.97099 9.71662 -10.0821 22.2717 19.9041 -5.06032 2.15862 -24.2206
-10.0229 2.9909 9.96088 2.05187 20.0262 -5.04177
9.92966 -10.0241 3.01117 -5.07188 2.15771 20.0859
-9.98093 3.04339 9.9222 -8.66978 -43.6502 -59.2875 2.12543 19.925 -5.09065 13.4162 5.52766 4.79796
2.89775 9.94037 -9.9116 19.9994 -4.99361 2.17186
10.0255 -9.91991 3.26672 -5.08729 2.11116 19.9528
9.82473 -10.064 2.9311 -4.91111 2.11799 19.9977
-10.0125 2.98471 9.93804 2.35331 19.9482 -4.98643
3.06356 10.1761 -10.0418 -6.72727 19.9055 -5.03512 2.08098 22.9843
10.0584 -10.0562 2.9347 -4.95511 2.25565 19.971
-10.0158 2.99197 9.86052 2.18958 20.0711 -5.16348
9.96165 -10.0358 2.95745 -5.19958 1.96174 20.2015
-10.1119 2.97205 9.81147 4.71226 2.10448 20.0262 -5.01979 28.4233
-9.97737 3.00709 9.97819 2.33409 20.0491 -4.97969
2.87922 9.87798 -9.975 20.068 -5.14586 2.16171
-10.1219 2.96195 9.88774 -34.2943 2.31793 19.9949 -5.10782 -42.6744
-10.006 2.94826 10.0306 20.6744 -25.6189 5.45092 32.8392 -7.78194 -15.6377 -22.2649 16.4979 2.19831 19.9602 -5.0018 -10.503 -7.2794 4.62938 -33.6857 -21.0444 22.4348 20.7144 33.172
10.0352 -10.0849 3.01439 30.131 -4.9772 2.08962 20.007 3.84937
-10.034 2.97003 9.90594 2.35177 19.9482 -4.98879
3.07069 9.83404 -10.1952 20.0255 -4.84716 2.19947
-10.1245 3.06018 9.93537 -41.2098 -28.9497 2.27565 19.9305 -5.058 -15.5559 2.14965
-10.0341 3.0824 9.6329 2.13952 19.9997 -5.13341
10.0134 -10.0481 2.96681 -4.92398 2.43259 20.0735
-10.1186 2.96407 9.8432 -2.54276 -25.0089 33.7243 2.14633 20.076 -4.91313 23.9514 53.8775 -43.8711
3.08945 9.73257 -10.0885 19.9368 -5.12189 2.22197
9.85919 3.02362 -10.1075 -33.3196 -8.95207 -5.00679 19.9291 2.15942 -52.1466 15.3813
9.89154 2.98906 -10.076 -5.11801 20.0997 2.31417
-10.006 9.78915 3.00757 43.6266 2.35709 -4.98195 19.9164 -18.7291
-10.1283 9.74568 2.98441 2.25162 -5.04571 20.1977
-10.1058 9.74821 2.95412 2.22859 -5.13855 19.9024
3.1241 -10.0432 9.83175 19.9726 2.30966 -5.04755
-10.1095 9.93819 3.00935 2.22887 -4.93948 19.9668
-10.0882 9.86343 3.10073 2.1683 -5.06217 20.067
3.01346 -10.0222 9.62986 19.8901 2.12904 -5.2289
2.93745 -10.1166 9.78465 28.4888 -2.57968 -4.29598 37.9965 20.0266 2.22511 -5.11429 32.7908 14.918 -41.6638 -37.1509
-10.0633 9.92736 2.86764 1.99964 -5.02149 19.9001
-10.1266 9.95305 3.138 26.0248 -40.3174 2.36264 -4.97894 20.031 15.3254 30.3818
2.8556 -10.0714 9.86688 -24.6759 19.9266 2.16279 -4.95932 -4.98273
2.98212 -10.1079 9.91083 25.8858 22.244 -23.3646 20.0322 2.2227 -4.95561 -3.67198 -32.6697 -10.5536
3.03229 -10.1581 9.69914 20.0232 2.16224 -5.18292
9.83299 3.03733 -10.0545 -5.13677 20.0501 2.1513
-10.0109 2.87921 9.87224 2.16449 19.8861 -4.96035
2.94538 9.73533 -10.1015 19.9831 -5.06314 2.16674
3.14353 9.86927 -10.0321 19.9402 -5.05831 2.19044
9.91756 -10.087 2.88439 -5.01205 2.29558 19.9081
2.92847 9.78765 -9.99632 -16.9275 8.92441 -25.9563 14.8313 20.0206 -5.20884 2.23188 -16.2234 28.3384 34.4906 19.7437
2.88457 10.0143 -10.0655 20.121 -5.0175 2.26601
-10.0379 3.14085 9.81961 -51.587 11.8479 5.58706 2.2785 19.9801 -5.03317 21.546 23.7424 16.648
10.0329 -10.0878 3.07332 -4.96064 2.00307 19.9628
9.93647 -10.1179 3.14004 14.4669 -18.5332 6.90396 -33.708 -5.06158 2.13617 20.0011 -32.6302 12.97 53.4034 -31.2095
2.93454 9.88934 -9.93161 23.202 20.0707 -4.9657 2.13124 31.676
3.03904 9.89218 -10.0169 -3.06425 19.9799 -5.17791 2.14338 11.3692
9.92813 -10.1213 3.03146 -4.96644 2.02822 20.0005
2.92643 9.80645 -9.99633 19.955 -5.11265 2.13155
-10.1538 2.90755 9.94118 2.10598 20.0894 -5.04851
9.86099 -10.0814 3.01047 -4.97185 2.35409 19.9313
9.82471 -9.92431 2.99708 -5.02233 2.15428 20.0363
-10.0877 2.86293 9.84245 2.17191 19.9775 -5.07166
3.01563 9.78931 -10.0192 19.947 -5.02785 2.41556
-10.0832 2.99962 9.89951 -0.569797 2.33136 19.9587 -5.09045 -60.972
9.80317 -10.1551 2.9646 -5.0113 2.11308 20.0138
10.0209 -10.103 3.0811 -28.1446 -4.9846 2.33043 20.102 19.3703
-10.024 3.12216 9.82139 17.8069 2.3211 20.0796 -5.01238 16.3817
9.83497 -9.95638 2.98681 -12.6229 -6.05963 -4.99542 2.33517 20.1189 -22.9106 16.7783
-10.0554 2.93744 9.89959 8.06322 2.31357 20.1226 -5.07074 6.09043
-9.99003 3.04926 9.86134 2.18363 20.1025 -5.07573
2.92772 9.82916 -10.1166 20.0491 -5.03095 2.20093
10.0109 -10.0606 3.03907 -8.10428 42.9325 16.3496 18.5707 -6.30908 0.438021 -5.04467 2.2337 19.9009 41.1082 9.967 23.6039 -28.1363 11.5857 38.0328
-10.0001 3.08886 9.91899 18.7014 2.01293 19.9793 -4.92067 -27.3985
9.79982 -10.0862 2.99966 -7.29886 -4.53133 -5.04177 2.02158 20.1541 24.1624 1.12782
-10.0966 3.01787 9.77579 34.5756 20.9291 2.23076 19.9366 -5.10588 -3.76715 4.19266
-10.0995 3.0306 9.73106 11.2815 2.30693 20.2068 -5.1467 -45.9077
3.02056 9.74618 -9.98311 20.1174 -5.05755 2.29133
-10.0987 2.96362 9.59731 2.09945 19.9691 -5.1361
-10.0033 2.91565 9.96026 2.0317 19.9505 -4.99718
2.82071 9.77674 -10.0232 20.0068 -5.09484 1.91055
9.93843 -10.1154 2.95139 -4.94411 2.17551 19.9298
9.79692 -10.0243 3.0272 0.30816 -5.12493 2.06821 20.0249 63.3608
2.90402 9.89869 -9.99665 -0.472111 20.1102 -5.00162 2.0743 45.298
9.83652 -9.9743 3.01048 48.1939 -4.97467 2.4006 20.0916 -32.9506
2.93345 9.824 -10.165 -36.2157 64.2862 19.9825 -4.99934 2.11824 64.197 26.5399
-10.0014 2.97018 9.9968 2.06853 20.0011 -5.00705
10.1061 -10.0705 2.90743 -4.9193 2.33911 19.8998
2.97956 9.93799 -10.1069 35.0498 19.9812 -5.0962 2.03843 7.52109
-10.0616 3.04036 9.89301 -10.8 2.27322 19.9265 -5.1982 -3.17143
2.96193 9.74805 -10.1192 -14.6914 20.0231 -5.14908 2.18208 27.3218
10.0255 -10.0376 2.99534 -4.93097 2.39692 20.0561
-10.0671 3.02379 10.1068 30.5499 2.00592 20.0688 -4.87543 -24.4688
-9.99494 2.98227 9.94415 -37.0539 2.12539 19.9945 -4.84463 -18.7191
-10.0478 2.98501 9.88457 -9.34308 10.8393 30.5699 2.3393 19.906 -5.06759 -20.2998 -23.2547 45.2646
3.04316 10.0707 -10.1447 9.05219 20.0456 -5.01727 2.08701 2.92405
2.99524 9.9787 -10.0783 19.992 -5.06784 2.19702
9.84023 -10.0114 3.00307 -52.4149 -41.2594 -5.13613 2.16156 20.1371 15.7628 15.1102
-10.0253 2.93554 10.104 32.1203 9.10676 2.62938 2.14051 20.0805 -4.96601 -12.859 55.1324 -46.1093
3.09576 9.88618 -9.91062 20.1265 -5.0141 2.26367
3.08501 9.94808 -10.0743 -1.82018 -4.59481 -24.2526 -68.2907 32.863 19.9518 -5.02789 2.145 49.8078 36.0756 65.9443 -4.19059 2.93115
-10.0371 9.98043 2.97649 6.80914 0.281673 2.16839 -4.96917 20.051 3.72045 4.11692
3.11247 -9.98437 9.95626 30.7909 44.3225 20.0048 2.06139 -4.88413 -23.1637 38.7307
9.79626 2.89078 -10.021 -5.15001 20.0691 2.18828
2.95637 -10.0356 9.88932 19.923 2.22931 -5.01661
-10.024 9.70034 3.09819 2.01184 -5.03027 20.074
-10.0445 9.95569 3.01223 2.01148 -5.0505 19.8297
9.78679 3.02157 -10.0772 -5.10758 20.0408 2.33727
9.90002 3.01764 -10.0862 -1.0135 9.88939 -5.23463 19.9618 2.28216 17.7544 24.6184
9.68272 3.09454 -10.102 -5.10546 20.0325 2.09358
9.90738 2.92093 -10.0494 72.6978 26.2506 -5.09863 19.966 2.11966 57.4369 -10.8316
3.17458 -10.0899 9.94459 -26.5295 20.0089 2.01844 -5.07578 17.2023
3.0294 -10.0102 9.92245 3.05961 20.0397 2.28063 -5.07584 17.2483
9.84783 2.87392 -10.1287 -5.09397 52.6329 -5.00204 20.0433 2.08468 47.7283 17.0799
-10.1517 9.76841 3.04131 28.6859 -41.4332 2.12875 -5.01134 20.104 -31.1452 48.3669
9.87225 2.92479 -10.1138 23.8444 -5.09982 20.0566 2.20848 -34.817
-10.0316 9.85724 3.02209 2.24879 -5.03094 19.957
9.86515 3.00973 -9.99297 -5.0347 19.9919 2.21626
9.85678 2.99234 -10.1351 28.1857 4.93357 -5.15819 20.0342 1.98812 -15.4956 9.79338
2.98807 -10.0184 9.78808 12.7685 -7.79156 19.9001 2.31293 -5.125 25.1239 -16.409
9.97279 3.11511 -10.11 -4.99392 20.0956 2.07548
9.81527 3.03106 -10.0386 -5.12407 20.0612 2.26758
3.01664 -10.0016 9.7965 20.0342 2.14692 -4.98756
2.92512 -10.1119 9.73661 20.1236 2.26064 -4.95942
-9.98854 9.87799 2.89764 2.60553 2.30149 -5.00338 19.995 25.6276
3.07878 -10.1216 10.0086 19.9409 2.30841 -4.92246
-10.0859 9.98583 3.02553 33.6458 2.18501 -4.98165 20.0249 27.5784
2.83115 -10.0795 9.78081 19.9496 2.14007 -5.13513
-10.0091 9.86856 2.95532 2.21012 -4.99009 20.0412
3.0458 -9.98134 9.97454 19.9572 2.2614 -5.11442
9.94149 2.95032 -10.0973 -5.01797 20.0007 2.15
-10.01 9.79866 3.11783 2.13061 -5.09873 20.1308
-10.1381 9.96037 3.02853 2.18272 -5.00292 19.9852
2.9179 -9.96807 9.93058 25.3008 -25.6511 9.47174 20.1225 2.09049 -5.07375 -9.23448 24.8506 107.207
9.98676 2.95978 -10.1101 -5.05038 20.0087 2.31761
9.95258 3.02021 -10.13 -5.09434 20.0368 2.20665
3.10972 -10.0774 10.0508 19.9376 2.35304 -4.92577
9.93118 2.97079 -10.0513 -5.0246 20.0845 2.20519
-10.0365 9.91081 3.05277 2.27034 -4.93027 20.024
2.91432 -10.0441 9.93088 20.0762 2.13534 -5.01811
-9.93697 9.95241 3.13656 2.14791 -5.04608 20.1696
9.90537 3.02969 -9.83191 -45.6219 29.8318 -4.99843 19.9824 2.3597 42.881 -30.0566
2.96836 -10.0174 9.98786 -25.6339 19.9385 2.2341 -5.10993 26.5648
2.95789 -10.0426 9.84838 -0.555204 -28.8928 20.0726 2.21992 -5.07663 -10.8178 34.9546
-10.0556 9.85924 3.08023 2.26232 -4.9574 20.1188
-10.006 9.92025 2.96349 17.5814 2.26879 -5.07171 20.0516 -4.42573
-10.0376 9.79569 3.04284 40.4583 -14.5884 50.0468 2.13956 -5.1297 20.1117 10.0107 19.2294 -19.8619
10.0146 2.97881 -10.0397 -4.97661 19.9967 2.18821
3.0096 -10.0406 9.83964 4.2358 53.7285 0.325155 -24.2833 20.1986 2.24831 -5.01012 -10.9143 11.894 -59.7167 98.8795
9.92262 -9.98318 2.92057 -18.0279 -4.94759 2.27883 20.0371 8.62045
2.92708 9.83497 -10.0692 30.8392 19.9484 -4.98678 2.17845 -6.63973
9.89235 -10.0555 3.02018 -5.14239 2.01691 20.1055
-10.0711 3.14227 9.95787 54.2387 2.15962 20.0941 -5.00908 9.40481
-10.139 2.90967 9.96486 22.4545 2.33406 20.0111 -5.06778 -58.4208
9.99125 -10.0237 2.97668 -5.0717 2.27886 20.0199
-10.1063 3.00392 9.74923 2.04907 19.9859 -5.07133
10.0077 -10.1629 3.00711 -4.88684 2.25063 20.0993
2.91844 10.0047 -9.97546 20.1061 -5.04706 2.26315
2.97151 9.9319 -9.9802 20.1704 -5.03318 2.22409
-10.1088 3.01322 9.89691 -27.4631 8.02779 2.24489 20.0233 -5.1034 31.1209 20.8456
3.05482 9.97464 -9.95423 15.1707 16.412 -12.4747 -10.883 23.0737 -3.27416 20.0992 -4.94336 2.07185 -11.3739 57.4632 42.8465 -15.9591 63.4574 13.4367
2.88064 9.76773 -10.1168 12.5237 -31.9087 -15.3416 -23.0342 19.9848 -5.11281 2.27822 52.1438 -16.6097 1.32559 -45.1993
2.91132 9.94067 -10.0082 29.1386 20.0691 -4.89301 2.36062 -22.2941
3.02639 9.81714 -10.005 19.9652 -5.09868 2.31886
3.0265 9.79419 -10.0978 19.9757 -5.04975 2.27806
2.95562 9.65721 -9.96271 -22.6734 20.2071 -5.17918 2.05358 1.03729
9.95007 -10.0614 2.88463 -5.05984 2.167 20.0285
9.92211 -10.003 3.04363 -5.07233 2.32693 19.987
3.06742 9.87309 -10.0007 20.1318 -5.15408 2.09437
2.91987 9.89607 -10.018 20.0065 -5.01099 2.12296
-10.0695 2.95152 9.95535 2.11042 20.0824 -4.95768
-10.0853 2.97772 10.0221 4.23637 2.30267 20.0345 -4.9832 5.89155
9.87464 -10.054 3.09297 13.8343 -0.181759 24.8864 -4.99798 2.12515 20.0627 -8.16466 55.0896 23.3851
-10.0745 2.97249 10.0384 2.05302 19.9756 -4.86451
-10.0306 2.99788 9.97528 -13.6378 2.19508 19.9347 -4.98538 56.0916
9.75797 -10.0717 2.93193 -5.18124 2.21961 20.0271
3.0371 9.90181 -10.0765 -19.09 -31.3584 19.8903 -5.08421 2.2069 1.88014 -19.1638
9.79965 -9.99855 3.00684 11.6947 -5.06 2.17759 19.8759 4.4554
9.89257 -10.0124 2.96782 -5.01144 2.20577 20.1612
3.02919 -10.115 9.95424 20.0211 2.11594 -5.10182
9.79039 2.99669 -10.0448 -5.12176 20.0106 2.24883
-10.0151 10.0195 2.91048 47.3304 2.14587 -5.07613 19.9708 -57.2772
3.0898 -10.1704 9.95181 20.0084 2.36927 -5.14689
9.96044 3.02623 -10.0128 -5.0342 19.9602 2.35021
9.84429 2.9666 -10.0422 -5.05471 20.0697 2.48008
9.97797 3.07206 -10.0945 -4.8814 19.9898 2.25763
-9.97834 9.84844 3.04876 2.23509 -4.98428 19.9739
-10.048 9.85671 2.93405 2.1428 -5.1342 20.1581
9.74753 3.04505 -10.1155 -5.11186 19.9444 2.14675
-9.9308 9.79855 3.03714 2.2057 -5.03527 20.0239
2.90153 9.76663 -9.99154 19.9089 -5.05778 2.02413
9.93954 -10.0341 3.10093 -4.97118 2.24844 20.0527
9.87161 -10.0648 2.99625 35.3606 -49.8639 -5.04889 2.19926 19.9687 13.198 40.1596
9.83064 -9.97793 2.89359 -23.4952 11.8427 -4.9494 2.38886 20.0455 3.02528 29.6338
2.94328 9.74196 -9.98308 20.031 -4.92434 2.2279
9.82663 2.99311 -10.1298 -22.1834 -5.11504 20.0753 2.18483 8.82532
9.88901 3.02212 -10.0185 24.0999 -5.08368 20.0141 2.29786 34.4833
3.01577 -10.124 9.76516 23.2644 20.0782 2.30458 -5.09784 -2.98093
-9.99609 9.90364 2.98723 -8.33379 10.8177 2.20851 -4.97888 19.9748 -16.3631 -14.4717
-9.89894 9.86487 2.86704 2.05307 -5.14431 19.9521
9.76633 2.93677 -10.1231 22.8767 -11.6906 26.1543 14.3873 14.9731 22.585 21.5243 -5.1349 20.0595 1.93885 -38.5611 -28.2395 -1.80876 34.3845 42.7271 26.3415 6.58155
9.90995 3.08366 -10.0685 -3.32482 -21.8847 -31.2611 -2.24701 2.281 27.461 25.0021 -4.97747 20.0721 2.07687 61.1046 -12.9685 -32.3149 -63.6837 -17.1394 -60.708 11.5336
-10.0284 9.89895 2.87559 2.14471 -4.98544 20
2.99185 -10.0472 9.87064 19.9579 2.0963 -5.05838
-9.98276 9.79077 3.03607 -1.71939 2.06614 -5.09853 20.1994 2.97249
9.91617 2.92182 -10.142 3.05068 -13.1363 -32.3682 -5.14337 20.0253 2.13952 39.4494 -6.1989 -27.3611
-10.0279 9.8034 3.01306 -0.742028 -30.5904 2.14804 -5.16876 20.1079 -23.7377 46.0709
2.93983 -9.96539 9.98414 -0.877578 15.1795 -30.2921 47.6997 -11.4994 6.44489 20.0876 2.1274 -4.99533 -9.89975 -4.27691 -12.2851 6.8127 -9.82887 11.8376
9.89135 2.96651 -10.0316 -5.00796 20.0021 2.16853
2.9735 -10.0008 9.93892 -12.5543 39.964 -30.2222 20.0311 2.18645 -5.04032 -45.8631 -4.72124 37.7856
2.98621 -9.98924 9.92291 -24.6016 -6.15334 19.992 2.15427 -4.92261 -16.2024 1.75293
2.98309 -10.0759 9.99929 -8.05053 19.9841 2.21541 -5.14491 65.4001
9.83417 3.0392 -9.99338 -5.11268 20.1616 2.21642
10.0515 3.18571 -10.019 -21.6991 38.0553 -5.03722 20.0842 2.18778 -36.4115 -22.7963
-10.0466 9.89379 3.06413 2.32973 -5.03956 19.9144
3.00892 -10.1774 9.67064 6.62313 20.1024 2.31352 -5.13515 33.1045
-9.98842 9.93304 2.95676 2.22747 -4.90383 20.0726
9.80023 2.93287 -10.0043 -5.0687 20.0893 2.02369
9.85474 2.98219 -10.0645 7.55064 -5.07943 19.9874 2.11725 13.4243
3.0601 -10.033 10.0675 -10.6794 20.1084 2.26912 -5.03785 49.0759
9.79792 2.90214 -10.1277 -5.13804 20.0327 2.26379
2.94967 -10.0341 9.925 20.0689 2.30933 -5.02682
-10.0116 9.87621 3.00452 -25.3719 -18.895 -2.7961 14.5951 2.19817 -5.02752 20.0682 33.9409 -33.5428 73.8427 -94.4199
10.0282 2.99984 -10.1374 41.1774 -13.0698 -4.8248 20.0942 2.28591 44.1779 -1.95177
9.95711 2.96974 -10.0257 -66.2769 -4.97325 19.9604 2.26085 15.1599
9.96831 3.01172 -10.0383 9.69944 -5.03916 20.102 2.0823 47.3748
9.99409 3.08679 -10.1173 -5.00121 20.1332 2.26761
-10.0147 9.80706 3.00883 1.97072 -4.97386 19.9304
3.03434 -9.98475 9.80911 17.2862 19.9885 2.15036 -5.02896 -9.65654
2.771 -10.1282 9.87722 -18.7588 20.0782 2.35114 -4.96926 -30.9476
9.72629 3.0567 -10.0959 31.3208 -4.96985 20.0178 2.21596 -11.2294
2.8888 -10.1336 9.85999 19.9867 2.14324 -5.06899
2.90768 -9.95923 9.78629 19.9025 1.98179 -4.8998
9.95891 2.89543 -10.1436 -5.02899 19.9665 2.37931
-10.1293 9.89098 3.11123 2.07207 -4.92526 19.9423
2.99643 -10.0153 9.78961 19.9804 2.15371 -5.04212
-9.99404 9.96388 3.03947 19.8843 -27.1036 2.06986 -5.06014 20.0405 -8.04145 8.44337
9.92973 3.09173 -10.0991 -4.99184 20.1144 2.34098
9.81216 2.99477 -10.0642 20.5294 19.7654 19.6419 -5.05593 20.1695 2.40541 14.5923 -29.827 -27.3318
10 2.9693 -10.087 -5.00175 20.1469 2.37001
10.0133 2.95882 -10.0511 -2.16154 -7.38552 -11.979 -5.01973 20.0186 2.12889 58.9516 17.513 -19.1494
9.73441 2.95815 -10.0056 19.8598 -4.70819 -8.27266 37.6656 -17.343 -15.6835 -5.14497 20.0728 2.08112 -4.18465 -9.83012 7.77039 3.21381 90.8167 -35.8076
-9.99215 9.83121 2.9643 18.6737 2.19884 -5.08652 19.9873 -32.2907
-10.15 9.91041 2.95546 -0.209122 -45.4823 2.11982 -5.0001 19.9389 55.2345 8.47296
9.88657 2.93289 -9.98103 -26.5084 47.6393 -4.94964 20.0617 2.03722 16.0685 32.6403
-9.94749 9.78188 3.07939 14.0133 2.39544 -5.11263 19.9159 -17.0065
2.956 -10.1429 9.82972 19.9523 2.3645 -5.08281
-10.0403 9.83644 3.04446 2.1834 -4.99684 20.0634
2.99494 -9.97296 10.0695 -14.5177 20.0279 2.24594 -4.95165 -0.566709
-9.93604 9.83127 3.10134 35.3519 2.17942 -5.23363 20.1014 -16.0696
10.012 3.01288 -10.0722 -4.99371 19.8869 2.35503
3.13018 -10.0369 10.0512 20.0282 2.16505 -5.00941
2.87643 -10.0155 9.85618 19.9872 2.13749 -5.0124
3.11158 -9.99066 9.92953 19.9696 2.17582 -5.05749
9.71182 3.05141 -10.0836 -5.04214 19.9729 2.25455
3.03477 -10.0346 10.0444 19.9384 2.27963 -4.95396
-10.0999 9.8927 3.035 2.34661 -5.12983 20.0705
9.73043 2.8967 -10.085 -5.14049 19.9856 2.32203
2.98705 -10.1061 9.93961 19.9412 2.17991 -5.03965
-10.0514 9.90895 3.04404 2.18226 -5.05453 19.9823
-9.96912 9.82308 2.94975 31.6195 2.08767 -4.96744 19.8937 -30.906
2.98163 -10.0085 9.8201 20.0152 2.19584 -4.98401
-10.0359 9.78221 3.09458 -7.39229 -27.4694 2.19176 -5.06897 20.138 54.9791 -35.7032
10.0699 2.98287 -10.1973 -19.2459 -59.3194 -5.05472 19.9887 2.0319 -30.9345 7.59265
-10.1473 9.93238 2.94961 2.11322 -5.04144 20.1243
-10.1641 10.0092 3.05316 2.10833 -4.99361 20.0632
2.98641 -9.95066 9.92507 -42.8766 20.2714 2.32512 -5.0186 1.82133
9.97918 2.89821 -9.98398 -5.77997 -15.0649 -52.8856 30.2854 -13.0404 -18.4285 -5.08482 20.0752 2.26737 7.5767 -10.4389 -35.3435 19.4714 21.3467 -10.4897
2.83755 -10.1367 10.0582 19.0482 18.5595 -3.20336 19.9773 2.33344 -4.97316 23.6834 1.11823 44.4761
9.96792 3.02278 -10.0422 -28.0885 -0.146259 5.67654 -5.15711 20 2.20481 85.7012 -48.7082 24.785
2.89435 -10.0598 9.85281 -46.3093 62.9333 20.183 2.12864 -5.02626 29.1422 14.5914
3.09554 -9.92098 9.99428 20.0926 2.26642 -5.04305
9.88571 3.00659 -10.0351 -3.36648 41.0949 -5.006 19.9208 2.27389 109.076 -19.4363
-9.98142 9.93551 3.04579 2.19485 -4.90662 20.0512
9.82966 2.92665 -10.0641 15.7736 -5.19221 20.0796 2.045 -15.5345
-10.1055 9.79669 3.01529 -22.989 -35.104 -21.2811 64.8404 2.11807 -5.17066 19.9703 45.26 53.9417 1.73635 10.4607
3.0036 -10.0653 9.87142 20.016 2.29294 -5.05657
-10.149 9.97896 2.97055 -34.853 2.18393 -5.01789 19.9365 22.2746
-10.1064 9.84611 2.96421 2.34793 -5.02812 19.9805
9.97141 2.92534 -10.0019 -4.90875 20.1218 2.23398
-10.1917 9.7427 2.99954 2.13245 -5.18956 19.9305
-10.0516 9.93336 3.00006 2.4044 -5.12582 20.0138
-9.99324 9.87456 2.93264 2.26384 -5.09353 20.3153
3.03501 -10.0279 9.85538 -20.0934 11.6012 20.0771 2.1979 -4.99157 24.4032 -36.4717
2.96887 -10.0476 9.5937 -7.24564 19.9633 2.20126 -5.1868 31.5098
10.0114 3.07407 -10.1288 -4.94896 20.0711 2.23623
9.91702 2.99003 -9.92168 41.767 2.84522 -5.07272 20.0155 2.12686 38.7274 62.6504
10.0502 2.83129 -9.98991 -4.96807 19.9215 2.04628
-10.0609 9.96522 2.95265 47.0133 2.01306 -5.02492 20.1477 -13.3109
-10.1508 9.85957 3.03504 1.98473 -5.01075 20.0371
-10.1274 9.85718 3.08326 18.1339 2.28162 -4.89536 20.069 -35.2167
-9.98201 9.83737 2.99842 5.79593 2.14248 -5.1529 20.0556 45.984
2.92624 -10.015 9.94758 15.3624 19.9267 2.25608 -5.08011 -7.46948
-10.0217 10.0141 3.03412 2.26377 -4.87422 20.0394
-10.0216 9.72587 2.93575 2.13777 -4.94736 19.9934
9.80337 3.14154 -10.1194 -5.05605 20.1123 2.2261
9.87446 3.07777 -10.089 -5.05554 20.0361 2.09119
-10.1304 9.91741 2.98118 -5.60844 2.13652 -4.95658 20.0506 44.5009
10.0126 3.08827 -10.0109 -5.06828 19.93 2.08635
2.93515 -10.1026 9.89327 -7.78761 19.9451 2.34397 -5.07207 -3.20678
-10.0891 9.84886 3.03928 2.01249 -5.01236 20.0965
9.90014 2.98058 -10.0049 -23.0443 -5.05674 20.0387 2.12386 -35.1898
9.84424 2.92741 -10.1443 7.84853 -5.04789 20.1882 2.20554 46.4536
-10.0045 9.78019 2.99809 2.09693 -4.96596 20.0059
-10.115 10.01 2.99679 32.896 -34.4711 2.15672 -4.91934 20.1258 38.413 -9.79891
-10.1045 9.82541 3.03224 -45.9396 2.01773 -5.07767 20.0161 -18.8535
-10.0397 10.0378 2.93646 10.1374 21.1973 2.10863 -5.05931 19.9929 -25.1056 32.5806
2.92875 -10.1132 9.73572 20.0109 2.18018 -5.05832
9.93505 3.08803 -10.0263 -5.06907 19.8849 2.33217
9.80601 2.92111 -10.0777 -5.21739 20.022 2.12561
2.97421 -10.046 9.8601 -1.84272 19.9386 2.17533 -5.06894 -5.52862
9.84215 3.07551 -10.0484 -5.07301 20.0525 2.19923
10.0452 2.99617 -10.0269 -4.85538 20.0224 2.24271
-10.0813 9.85566 3.04632 -2.82079 2.30535 -4.94902 20.1117 49.7184
-10.0245 9.91849 2.88233 2.03301 -5.08474 20.0225
9.96504 3.00649 -10.0595 -4.3766 -9.35027 31.0174 10.0752 33.847 17.7713 -36.5147 -4.92606 20.0252 2.33767 9.6868 26.6774 12.8271 29.6294 13.8858 -6.64225 -8.02931
-9.99532 9.99461 2.99736 -28.9392 20.1612 9.54132 2.25897 -5.01953 20.102 48.2812 58.6057 -7.46953
-10.1762 9.9109 3.00465 -25.8639 2.37082 -5.02131 19.993 -9.22065
3.03126 -10.0718 9.88692 19.9484 2.17298 -5.03125
-10.117 10.0618 2.94682 26.678 29.2996 2.23123 -4.91735 20.0937 51.5221 35.8303
2.94259 -10.0601 9.96898 20.1491 2.32885 -5.10355
9.84213 3.00762 -10.0299 -5.11776 20.1115 2.04115
-10.0708 9.8523 2.9164 2.21152 -4.97184 20.0869
9.85745 2.99093 -10.0155 -5.01156 20.0119 2.11619
9.93947 2.94846 -9.93468 -46.5254 -11.9243 -14.6413 -5.08064 20.0407 2.32427 -63.5145 20.44 -0.870452
9.93319 2.89746 -9.93181 -5.08767 20.1227 2.24458
2.95302 -10.0556 9.98973 20.0363 2.2147 -5.03481
3.19804 -10.1327 9.79564 20.1424 2.09616 -4.98092
9.85554 3.0315 -9.99693 -5.02603 20.0539 2.2042
2.88845 -9.98452 9.90378 20.096 2.31843 -5.0102
-10.0231 9.91809 2.92025 18.6738 26.2796 2.29209 -5.17647 20.0854 -3.66804 20.2121
3.02178 -10.0836 10.0377 34.3105 0.670773 20.059 2.1764 -4.88406 36.2188 -7.28103
3.13189 -10.0903 9.97136 20.0782 2.13372 -5.03866
9.88542 2.9178 -9.94805 31.6221 -5.08684 20.1338 2.03724 29.2116
-10.1839 9.90524 3.04675 25.225 2.22659 -5.04844 20.0669 -36.9268
9.75652 2.89106 -10.1028 -5.06212 19.9646 2.28887
3.00698 -10.056 9.93588 19.9913 2.26575 -5.06074
3.10379 -10.0614 9.84375 20.0627 2.21253 -4.97458
9.87543 2.96649 -9.98757 -4.96129 20.0245 2.18498
9.94978 3.02986 -10.1747 -5.04768 19.9155 2.21521
2.9341 -10.0737 9.84951 -34.7207 19.8473 2.31045 -5.12234 7.10659
-9.93963 10.0871 2.86286 2.24736 -4.98582 19.8952
-10.1273 9.76369 2.96857 -21.7956 43.6027 2.13788 -5.20665 19.9955 -0.867205 -6.08296
-10.1017 9.925 3.00717 12.1779 31.0205 62.8964 -35.0502 -45.7995 2.42322 -5.01266 19.8845 30.6675 5.56012 9.57379 43.1765 -53.3246
9.98724 2.99217 -10.0009 3.74368 -5.07444 19.9797 2.21678 3.85994
9.90436 3.08306 -9.99445 -5.01084 20.024 2.21234
9.98303 2.99753 -10.0892 13.5966 -5.04572 20.0055 2.24041 37.6353
3.01383 -10.0121 9.91166 20.0103 2.11322 -5.03713
-10.0407 9.83949 3.04107 1.97222 -5.10271 20.171
9.90724 2.97381 -9.98637 -4.9569 19.9749 2.36054
3.00806 -10.0756 9.81687 20.0219 2.27539 -5.00492
2.9839 -10.0171 9.92692 -24.299 6.37479 -24.155 3.36184 -21.2875 19.9925 1.95341 -5.10928 36.4124 -22.8469 73.7333 15.9913 31.2403
9.73609 3.00819 -10.0485 -25.7283 -5.06903 20.0985 2.26336 26.6103
9.97476 2.89836 -10.0665 18.0927 -10.9947 4.4452 25.9631 -13.7961 -5.02785 19.9669 2.05705 38.1242 38.9087 36.0691 62.0893 -5.35922
2.97451 -9.92213 9.79706 35.426 20.1161 2.03299 -5.09187 38.458
-10.1278 9.88753 2.94683 2.06108 -4.92612 20.0351
-10.1028 9.84248 2.85596 2.06668 -5.03461 19.9503
9.86697 3.09428 -10.0272 14.3769 -5.0926 19.9427 2.26292 -30.9166
3.01057 -10.0314 9.95818 20.0679 2.07173 -5.06081
-10.0123 9.8111 3.02948 30.4366 -27.3511 2.13761 -4.94336 20.018 26.8318 -9.90817
9.86907 2.94887 -10.0386 -38.3515 19.0837 -5.10521 20.0334 2.09335 -2.77577 -17.5549
3.05731 -10.087 9.89502 -30.3032 20.0829 2.16019 -5.00138 -13.3947
2.94156 -10.0952 9.86755 -59.0726 20.1207 2.28705 -5.10473 31.5773
10.0894 3.00002 -10.0531 -5.77115 -5.00701 19.9434 2.24738 33.6387
3.04165 -10.0161 9.88064 7.7937 19.2057 20.025 2.23022 -4.90945 59.6624 35.4609
-10.0538 9.929 2.9454 -6.12606 34.9777 14.4865 67.5248 -72.4218 2.0345 -5.07054 20.1382 -32.5466 47.6605 -3.04765 27.6076 7.85354
-10.0424 9.80622 2.9998 2.39814 -5.04897 19.9826
-10.0151 9.83011 2.97717 -7.453 2.09194 -5.13973 19.987 72.8976
9.75154 2.92615 -9.92376 -4.98594 20.1103 2.1065
2.85587 -10.1262 9.83206 20.1392 2.32196 -5.07718
-9.9492 10.027 3.00847 8.78008 11.6583 2.20987 -4.99607 20.0439 -31.2634 18.7341
-10.0981 9.94583 2.92516 -28.6916 -10.9213 -35.8881 2.12217 -4.9906 19.8444 56.8036 36.9685 -0.992726
2.86513 -10.0212 9.96455 -31.7869 -35.2175 -2.04936 19.9658 2.25207 -5.06286 22.5976 66.273 13.5596
-9.99635 9.82826 3.10031 -15.6462 2.32399 -5.07638 20.0364 -16.3542
-10.0364 9.92025 2.97431 9.61974 -14.0593 20.9976 27.394 -60.3467 -0.452863 2.1882 -5.04511 19.968 2.43337 -28.1861 -14.8565 -2.79274 54.8496 35.1184
-10.0011 9.87898 2.98329 3.19252 4.77647 0.440772 44.078 -2.84922 2.33543 -5.04082 20.1723 -18.2924 -21.0952 7.58982 -17.2157 31.1564
-10.0299 9.91094 3.03593 30.9668 1.98901 -5.09347 20.1993 -10.5433
9.77941 2.96255 -10.0551 -5.27873 19.9887 2.12749
9.80244 3.02056 -9.99923 38.7632 20.3102 -5.10258 20.0653 1.97362 -23.615 6.70674
2.99112 -10.0456 10.0804 -15.0367 5.97787 31.5645 -38.1594 5.8409 5.65793 64.3 20.1047 1.98941 -4.92307 75.1691 -20.7227 0.499377 34.822 -49.037 28.4592 -2.8897
3.00923 -9.97406 9.85327 -21.9486 23.1039 11.415 13.2185 12.1013 19.9325 2.13217 -5.03158 -36.1402 11.2343 -23.6278 -4.73302 40.351
2.96467 -10.1018 9.85139 -18.3407 11.5233 38.9068 -33.7907 19.8763 2.26924 -5.02174 -23.5164 -3.55895 -9.90381 -39.63
-10.2324 10.0055 3.08885 37.8698 15.6146 2.13943 -4.95191 20.0591 18.69 -15.5083
2.91982 -9.96582 9.92161 20.1484 2.18322 -5.0907
-10.0833 9.97787 3.02534 2.03073 -5.01372 19.9153
3.01426 -9.9904 9.70841 20.098 2.04909 -5.10846
3.03145 -10.0057 9.97876 19.9435 2.17811 -5.0185
2.96244 -10.0074 9.8359 20.1802 2.20844 -5.09143
-10.0809 9.98194 3.05312 12.701 2.17688 -5.14589 20.0731 -12.2607
9.85106 2.96564 -10.0076 -5.07961 20.0876 2.37273
3.11939 -10.0868 9.84872 7.29101 21.2918 -12.9053 20.0029 2.18284 -5.0007 -11.6542 15.6991 14.4464
9.87405 3.03009 -9.99304 -5.08672 20.1497 2.08733
9.72785 3.02858 -10.0744 22.5398 -1.69093 -5.07133 20.0574 1.99103 -17.2401 -40.4742
-9.99741 9.69615 2.87637 -5.64978 -24.2063 11.3507 -18.0035 2.05983 -5.05069 20.0078 -33.9082 47.9366 -45.7231 -13.2256
9.85157 2.9007 -10.1119 52.0821 3.83624 -4.96366 19.8755 2.12792 53.6066 6.32979
9.89219 2.98532 -10.0853 53.5486 -5.15178 19.9831 2.42027 41.7541
9.99986 2.86661 -9.98439 -4.89156 19.9979 2.03488
9.88499 3.0559 -10.0821 32.025 -4.93952 20.0928 2.22012 -17.3621
2.94635 -10.0438 9.83561 -23.6504 19.9948 2.24981 -5.01446 -4.93826
3.08788 -9.98091 9.88451 19.9222 2.23229 -5.06651
9.73598 3.11252 -10.029 8.34944 -5.16474 19.9876 2.08099 9.06418
9.7377 2.96625 -10.0606 56.0342 -17.7582 -13.0838 -4.97921 19.9569 2.24461 11.6211 -19.7905 -37.0182
3.03875 -10.046 9.90675 19.9915 2.08978 -5.07584
9.98053 2.96837 -9.96611 -19.1532 -51.0108 -57.574 -5.10462 20.1104 2.17634 -0.237126 -29.4839 33.3471
-10.0247 9.90518 2.9024 23.5492 2.12912 -5.16252 20.0961 38.0185
3.02397 -9.99319 9.83359 30.0406 19.9781 2.15403 -5.00769 54.9155
-10.1192 9.98499 2.99978 2.22623 -4.9918 20.0736
2.94363 -10.0366 9.79221 29.4228 -21.3353 -2.00799 53.5755 80.9519 -33.2043 18.815 20.0972 2.26402 -5.00213 36.9601 -4.90458 -27.392 -13.6665 30.2605 -3.28743 -36.7621
-9.96965 9.90595 3.08008 44.4439 -13.119 2.16373 -5.09778 20.2288 -24.6646 -6.51196
-10.1386 2.90444 9.84607 24.3319 2.31485 19.9733 -5.15654 -14.2665
3.05525 9.78602 -10.0265 20.1226 -5.08456 2.2009
9.86229 -10.1043 2.9681 -5.0455 2.34613 20.024
-10.0465 3.10419 9.79409 10.0403 -16.6995 2.10385 20.1067 -5.21589 -22.8766 -41.714
3.01798 9.85736 -9.99432 5.27613 20.0459 -5.00283 2.26726 27.8044
9.84621 -10.0763 2.90623 -4.83715 2.35603 20.1323
9.9622 -10.0514 3.13307 -12.554 -5.02694 2.16145 19.9286 -35.846
3.04074 9.92913 -10.071 -19.1165 19.9171 -4.9653 2.10315 -20.5773
-10.0143 3.071 10.0681 20.1884 2.21987 19.9967 -4.89726 14.0097
-9.97638 3.02888 9.80039 -16.8322 31.2028 2.13247 20.1546 -4.9012 18.5424 15.0658
9.72929 -10.1072 2.97555 -24.0541 48.1239 -5.07555 2.26347 19.9336 1.54698 59.0327
9.88197 -10.0275 2.97543 -5.18455 2.16454 20.0664
2.94239 9.9733 -10.0773 13.411 19.9863 -5.09534 2.1951 5.94053
2.83998 9.92865 -10.0282 3.45156 24.3617 20.0549 -4.96513 2.3595 -65.6177 103.299
-10.0822 2.94398 9.68074 2.24667 20.1204 -5.09476
9.88306 -9.90349 3.0792 -5.01062 2.31169 20.0244
9.88209 -10.0118 2.93569 -5.0309 2.14377 20.014
9.71807 -10.0963 3.14547 -5.0219 2.03755 20.0631
3.02948 9.74943 -10.0566 20.0704 -5.0691 2.07475
3.01925 9.91011 -10.049 -27.1029 19.993 -5.05024 1.94778 30.8572
9.84375 -10.0378 3.06624 -5.10839 1.9602 20.1617
-10.1257 3.05911 10.0211 -26.7032 -2.90015 2.21159 19.9626 -5.16501 18.0566 -2.25895
-10.008 2.93991 9.8598 20.3734 2.21362 19.9987 -5.03121 12.3247
3.02736 9.87835 -10.0135 19.8968 -5.12268 2.20747
10.0597 -10.0872 2.97792 -41.23 -4.87545 2.21027 20.0184 30.067
9.8984 -10.0724 3.02687 3.6848 16.9217 -5.08825 2.03745 20.0106 19.7445 -29.9602
-9.99939 3.00446 9.98421 -19.921 35.4308 -19.063 -1.85305 2.10447 20.0538 -4.96996 26.602 30.6363 11.7049 38.0279
-10.0828 3.03943 9.87766 2.07692 19.9929 -5.14453
-9.99395 3.10223 9.92977 -14.1973 45.4253 2.17973 20.0535 -5.01246 15.344 -8.68299
3.00059 9.86944 -10.0401 -39.4801 -16.4854 19.9285 -4.99 2.24553 28.7092 6.13948
-10.1278 2.91207 9.89961 2.14519 20.0466 -5.10811
9.98993 -10.0611 3.10966 -3.12859 -4.97816 2.09452 20.0603 77.6259
9.89924 -10.048 3.00527 -8.91364 -4.99904 2.12677 20.0135 -47.4327
9.82939 -10.1171 2.95021 7.33469 -12.5502 -22.6672 -5.52085 -4.91754 2.36948 20.2225 58.1675 -39.4704 -5.1005 -15.3666
2.88011 9.80833 -10.1102 20.0032 -5.00389 2.15406
2.92037 9.96211 -10.0881 21.1743 -14.6195 13.8393 11.0273 20.0279 -5.00633 2.15843 -46.9063 -6.47502 -25.1582 19.4612
3.00231 9.74223 -10.1068 -14.4291 26.8862 20.0036 -5.02158 2.08446 -5.64779 8.94566
9.93409 -10.0583 2.97544 22.1479 5.07197 -5.01626 2.12963 19.9846 -48.8551 54.7594
9.96517 -10.0161 3.05471 -15.3708 25.8478 -5.00539 2.15646 19.8549 -26.0313 -7.95116
-10.1211 3.10174 9.90112 -4.38993 2.21176 20.1286 -5.06798 30.6635
2.98793 10.0038 -10.0593 19.9739 -5.07823 2.31145
9.9987 -10.1588 2.98639 -4.91117 2.34217 20.0352
-10.0497 2.95966 10.0516 2.19382 20.0408 -4.96191
9.77499 -10.1197 3.05722 -5.14115 2.29721 19.9834
2.98809 9.9249 -10.0454 19.9178 -4.98013 2.1288
-10.1616 3.07916 9.93184 5.10827 2.35154 19.9844 -5.05578 -29.7519
9.80128 -10.1318 2.87107 -5.06933 2.15482 19.9947
9.84568 -9.97675 2.9871 -5.02561 2.16821 20.0626
2.86729 9.86294 -10.1037 51.0631 9.66159 19.9572 -5.02327 2.12895 -10.279 28.6482
9.8968 -10.0894 2.9845 -18.8005 -5.12663 2.24048 20.0631 36.2792
9.95381 -9.89592 2.99183 -4.94938 2.12732 20.031
2.98075 9.98033 -10.0231 20.0113 -5.09593 2.13817
2.9952 9.69954 -10.1157 20.0572 -5.29768 2.19162
9.85117 -10.0608 2.87579 -5.04693 2.22106 20.0443
-9.95819 2.87168 10.0573 1.96636 20.0254 -4.99527
9.85298 -10.0564 2.92496 31.9984 -4.99882 2.28584 19.9768 -39.2741
2.86991 9.92051 -10.0583 19.9044 -5.13686 2.28838
-10.0558 3.0397 9.88925 2.13537 19.9702 -5.01344
2.93327 9.87163 -10.1176 19.9261 -5.00388 2.20507
3.03178 9.87436 -10.0105 20.0631 -5.09973 2.22751
-9.97495 2.94904 9.85093 13.9873 -4.16869 -4.35163 2.08208 20.0067 -5.18714 -18.9274 -26.4051 -2.44897
9.77423 -10.0704 2.93472 30.6155 -5.09234 2.07639 20.0167 22.0989
-10.0742 3.06494 10.0564 -32.8477 2.55551 20.0357 -4.85998 7.69754
2.89391 9.83624 -10.0145 15.9707 20.0335 -4.83616 2.34808 -19.9124
9.75713 -10.021 2.99206 -5.125 2.14882 20.0942
9.98667 -10.0783 2.97671 -36.7375 -3.62144 -2.04888 -4.96193 2.25061 20.0104 -30.4288 -46.5622 -9.44821
-10.0631 3.08037 9.91284 -11.6303 2.34921 20.1316 -5.04224 -6.6299
2.97629 10.0347 -10.0693 19.9269 -5.09223 2.13268
10.0823 -9.97175 3.03628 -4.94282 2.31682 20.0383
-10.0989 2.96338 9.94182 2.21432 20.1024 -5.08404
2.95262 9.84532 -9.9807 -18.547 20.0091 -5.01609 2.20324 -28.9945
2.8465 10.0178 -10.0317 19.9632 -4.97312 2.24667
-10.0598 2.99669 9.89834 2.28516 19.9349 -5.02284
-10.0892 2.92836 9.72127 2.27083 19.8642 -5.10572
3.05728 9.81668 -10.016 20.0774 -5.03102 2.32364
10.1271 -10.0637 3.07214 -15.573 -5.03613 2.14571 20.0158 34.7666
2.99649 9.80626 -9.95257 19.8923 -5.01385 2.21535
9.89316 -9.97934 3.09306 -5.03012 2.09574 20.0817
3.02087 9.95915 -10.0686 9.42805 -73.0303 35.4184 20.0042 -4.99434 2.12366 -13.5592 38.4916 33.0135
3.06772 9.8351 -10.1026 -5.80066 -22.1396 19.9779 -5.04816 2.18576 -8.84136 4.95349
9.95358 -10.0728 3.02963 -5.03621 2.20478 19.9556
9.81926 -10.0932 2.99946 -51.3595 -5.03177 2.07156 20.046 20.4704
9.92399 -10.1142 2.97958 2.3852 -5.04695 2.15132 19.9907 -2.06197
2.99349 9.77738 -10.0183 3.43291 3.40323 19.9835 -5.01262 2.31639 -31.1786 30.7851
9.96578 -10.103 3.04608 -5.00129 2.11063 20.1145
-10.0648 3.01712 9.9172 2.15349 20.0495 -4.98275
2.99444 9.98718 -10.0255 -29.6276 20.044 -4.884 2.25254 14.347
2.96418 9.92082 -10.1065 19.8893 -4.93126 2.15656
9.82296 -10.1259 2.9683 -5.0521 2.19754 19.9612
3.0151 9.94123 -10.0121 -15.4305 20.0873 -4.97973 2.29337 23.2858
3.01067 9.76404 -10.1019 20.0204 -5.01999 2.15087
-10.0282 3.00536 9.84864 2.08775 20.0458 -5.07291
9.9599 -10.1775 2.99649 31.6647 26.5522 -5.10751 2.27267 20.105 9.60744 -1.18453
2.93954 -9.98497 9.81471 -7.46284 46.0518 12.5397 20.0862 2.22161 -5.09801 13.6091 -48.6364 55.2209
-9.96552 9.81698 3.05223 5.82794 -14.8728 2.21351 -5.17939 19.9074 15.3024 -18.0547
-10.0131 9.81056 2.95951 2.40328 -5.04578 20.1202
-9.94423 9.8716 2.94295 19.1405 2.132 -5.16643 20.0841 20.2298
9.8796 2.88739 -10.0165 -5.04957 19.952 2.06444
-9.99934 9.97085 2.96832 2.02891 -5.15829 19.97
9.75903 3.06746 -10.0008 -5.02206 20.1557 2.27495
9.93399 2.84511 -10.0461 -22.8 -4.97606 19.9061 2.18137 3.82033
-9.99778 9.90952 2.88536 -45.8962 35.042 2.05716 -5.00706 20.0267 7.20843 1.32247
-9.98796 9.91529 2.95367 2.17688 -5.00173 19.9873
2.96598 -10.0893 9.90086 -6.15458 20.0138 2.06456 -5.03624 -32.7246
-9.98711 10.0215 3.06598 7.73534 2.42027 -4.88153 19.9251 9.52442
2.94466 -10.0697 9.96816 6.04952 20.014 2.06003 -5.12237 3.82285
2.96904 -10.1315 9.99094 19.9722 2.0645 -5.04657
-10.0501 9.72627 3.12182 2.14796 -5.09846 20.1141
9.77086 2.94044 -10.0431 -5.10448 19.8847 2.30516
2.98258 -9.95157 9.78623 19.9105 2.05719 -5.08758
3.02517 -10.0874 10.0603 20.0085 2.20604 -4.99772
-9.92824 9.9737 2.95411 2.07264 -5.01691 20.0076
3.03745 -10.0992 9.84989 20.0489 2.28261 -5.07172
3.01165 -10.0383 9.79754 -47.9887 -20.1502 -27.0221 20.0903 2.12374 -5.09256 -38.3096 25.9861 26.4386
9.95083 -10.0536 2.97498 -21.7491 -16.8994 -4.95678 2.24032 20.0286 47.4343 -19.7977
9.95514 -10.0165 2.86692 7.68269 -26.0702 24.3092 -41.7957 -4.98348 2.31925 19.9248 21.6278 28.0369 -7.33495 -50.6155
9.89183 -9.98918 3.0602 -5.29503 -15.0176 -4.92716 2.10425 19.9022 52.7264 3.81144
9.81481 -10.0861 3.00158 -5.15452 2.23882 19.9155
3.02565 9.88774 -9.97991 7.24549 -8.62553 -3.59614 19.9938 -4.99731 2.20576 -0.853699 -7.00841 1.54229
2.93279 9.89536 -10.0284 0.89093 20.0783 -5.11727 2.15042 42.1522
9.95315 -10.0625 3.07698 -10.243 -20.3699 43.9166 -5.0755 2.17252 20.0413 36.4344 20.2034 -10.9853
10.0693 -10.205 3.00648 -18.404 -13.2698 -4.94874 2.25649 20.0749 30.8888 -25.3684
3.00893 9.78117 -10.0407 20.1291 -4.99583 2.14271
-10.0149 10.0312 2.99743 -34.3354 1.90765 -4.99839 19.9597 -12.1122
9.98592 3.09038 -10.0795 6.53485 -4.99221 20.0988 2.40017 28.5599
9.94353 3.04454 -9.98848 -5.05069 19.9756 1.98245
9.80108 2.95715 -10.1372 12.4713 -35.1277 -9.1886 -5.02588 19.9927 2.13012 34.4236 46.5737 67.192
9.83162 3.01637 -10.0983 24.5934 -5.09535 20.0218 2.42533 -40.6186
3.0226 -10.017 10.0627 18.0405 29.6151 11.7398 20.0099 2.31758 -5.02093 42.4408 1.21362 17.0684
-10.0078 9.9739 2.92905 -22.71 -19.6627 2.20624 -4.97388 20.1742 -11.6011 48.77
-10.1112 9.90346 2.90829 -8.46419 32.9568 9.71042 -2.7386 -14.7065 2.26937 -5.03149 20.1645 38.2968 48.5368 -28.0258 10.4685 -6.38598
-10.0527 9.7135 3.21266 -16.3929 4.32863 2.10658 -5.06337 19.936 -0.759704 36.8111
9.97771 3.09157 -10.0304 -5.09261 19.9132 2.09666
9.90661 2.95685 -10.0203 18.8094 -4.96576 19.9062 2.07251 -80.4319
-10.0764 9.84486 3.13489 29.0096 -36.5622 2.18691 -5.07437 19.9574 20.944 -46.7229
2.93229 -9.95771 9.9632 58.5978 20.0515 2.15919 -5.01978 43.8804
9.94687 2.95492 -10.0401 -5.06217 20.0246 2.07366
9.88295 3.03249 -9.96709 -5.01408 20.0674 2.19204
3.08287 -9.97561 9.85736 20.1278 2.11128 -5.14411
3.01639 -10.0904 9.65795 20.0413 2.25382 -5.12377
3.08878 -10.1364 9.71357 -5.82075 20.2157 2.08984 -5.14279 61.0819
-10.0376 9.90414 2.93006 2.22827 -5.0082 20.0151
-9.9846 9.86451 2.89733 2.2286 -5.02779 20.014
9.95138 2.94744 -10.0728 -5.00048 20.0015 2.22774
-10.0403 9.96161 3.00397 2.31947 -5.02164 20.1481
3.07682 -10.0591 9.76184 -11.3448 19.9763 2.10732 -5.13916 -8.71298
10.0048 2.95792 -9.96339 -40.1185 11.4052 10.5043 -4.98556 19.9607 2.29416 -2.80892 52.3576 14.3083
10.0489 3.08631 -10.0112 18.1154 -18.1629 -4.92642 20.0214 2.17103 40.3475 47.1903
9.87489 3.10712 -10.0033 -5.03684 20.0409 2.13424
2.88892 -10.0815 9.92757 20.032 2.19445 -5.0172
-9.99746 9.84821 2.97099 2.0439 -5.18602 19.9545
9.81498 3.06486 -9.99516 -5.06649 19.9831 2.07309
9.8986 3.08593 -10.0288 -8.3081 28.2345 -5.05776 19.9226 2.36115 10.5317 -6.40624
3.00141 -9.98747 9.93352 15.2269 12.337 -26.1949 20.1042 1.90126 -5.04736 -12.3051 6.76572 27.2331
-10.0174 9.83327 3.00332 20.3419 2.11112 -5.07484 20.1523 -48.8635
3.09193 -10.0388 9.83952 29.6292 20.1496 2.27094 -5.08337 -39.4883
-10.1012 9.87604 2.77241 -16.0437 2.25635 -5.11337 20.0476 33.6714
3.0141 -10.0225 9.79142 23.4915 19.9238 2.15935 -5.05531 23.3594
2.9435 -10.0629 9.89678 22.6703 20.0496 2.18447 -5.0646 9.01182
3.14461 -9.9787 10.0179 -6.32515 19.9982 2.09453 -4.87307 -26.6455
9.8387 3.00546 -10.0107 -5.11311 20.0518 2.21534
2.99709 -10.0442 9.9294 -5.47988 -18.0535 6.13497 -16.8248 -17.9376 20.0513 2.33739 -4.93027 20.4701 -30.1874 21.2686 44.5037 64.2538
3.11005 -9.97913 9.9832 20.1225 1.86408 -5.00408
9.89103 3.04213 -10.157 22.972 35.2828 -5.00548 20.117 2.29279 34.7931 18.0102
2.86806 -10.1059 9.90345 -8.78366 18.6024 19.8392 2.31419 -5.02048 56.1295 -12.1683
3.0482 -9.9532 9.71533 10.972 20.0346 2.03898 -5.11332 6.04531
3.1333 -9.97783 9.92053 19.985 2.08143 -5.01147
-10.1125 10.0063 2.99451 2.03556 -4.97694 20.0941
-10.0535 9.80763 3.03536 -28.0876 2.20272 -5.1861 20.0906 4.82922
-10.0341 9.84081 2.979 -0.561143 3.24299 2.33887 -4.94155 20.2422 40.8733 -28.3107
2.96218 -10.0448 9.73701 -17.5594 20.0068 1.99664 -5.0775 27.3867
2.9123 -9.97253 9.98023 20.0997 2.15975 -5.02077
9.95258 2.98522 -10.0621 -4.92163 20.005 2.17032
-10.0823 9.70933 3.01649 2.10142 -5.02869 20.0768
9.99921 3.02693 -9.97213 -4.97939 20.0094 2.16913
-10.0443 10.0136 3.07115 -0.793692 2.12131 -5.07482 20.0337 -10.8394
9.69625 2.90869 -9.95403 18.7945 -40.4436 49.1742 11.3921 -5.06488 19.9976 2.09722 -20.9701 -22.1895 -20.9526 -5.04555
-10.1258 9.79701 2.98302 -23.9496 2.18396 -5.07658 20.0751 -42.5872
-10.0498 9.96494 2.91786 -25.1347 2.34508 -4.96746 19.9932 -26.5338
9.92227 2.9711 -10.0934 -5.12992 19.9461 2.2033
9.89934 3.02217 -10.0924 -4.89799 19.9118 2.09627
-9.91987 9.72439 2.92145 -35.5236 -19.0562 2.40165 -5.12524 20.0582 -14.8449 27.823
-10.089 9.92617 3.06106 2.13561 -5.02215 20.1181
9.95439 3.16302 -10.0864 -45.7014 9.82995 -51.1534 -63.4173 29.8303 -5.11116 20.1739 2.29486 -8.71317 -14.709 2.24664 -4.36791 -29.3958
-10.0306 9.82338 2.96793 -24.608 2.23856 -5.05067 19.9283 -24.8759
9.855 3.0353 -10.0938 -5.01535 20.0805 2.25539
10.0422 2.95621 -10.0445 -18.044 -26.4373 -4.78847 19.9579 2.32165 47.335 35.6853
2.93376 -10.1096 9.89546 20.0398 2.34285 -5.01882
9.95508 2.9338 -10.0579 -4.91928 20.0239 2.15602
9.93532 2.91068 -10.1607 -5.03581 20.0951 2.22611
-10.0734 9.85994 3.01307 12.8765 33.2308 2.0909 -4.94087 19.9403 -15.2025 25.0751
-9.8883 9.87651 3.13038 2.21518 -4.93985 20.0751
9.84726 2.99413 -10.0091 -3.83501 -3.87606 -6.11242 -5.03916 20.0286 2.2912 -19.6328 -39.0356 37.236
2.97037 -9.97224 9.93204 20.1072 2.18138 -5.03849
-10.0132 10.039 2.97649 34.5826 -1.59521 5.64773 5.02036 2.18727 -4.99007 20.0691 6.07276 26.7561 35.8109 -34.3161
9.875 3.0916 -9.92706 -4.92638 20.0288 2.12034
3.05702 -9.99755 9.82316 -25.7313 20.0498 2.174 -5.04892 18.1801
9.97147 3.14787 -10.1221 -15.9305 -4.95264 20.01 2.07872 4.20795
9.96472 2.99547 -10.0873 2.96834 -5.21592 20.1495 2.15408 -25.4972
10.0286 3.07272 -10.0357 -4.98519 20.0334 1.87482
9.91498 3.10447 -10.0504 -5.07955 19.9827 2.15518
9.85801 3.08517 -10.0494 -10.0119 32.3445 -4.99421 20.0351 2.39836 36.4301 -26.3794
2.98068 -10.0243 9.89773 -3.37248 25.29 20.0203 2.26584 -5.10533 -12.8241 26.6967
2.96177 -10.0564 9.80173 19.9985 2.26295 -5.15395
3.1989 -10.0638 9.74599 20.0428 2.26128 -5.09852
2.91501 -10.0362 9.8719 19.9816 2.0297 -5.0446
2.91633 -9.97284 9.8281 -17.2495 20.0995 2.13403 -5.10211 -6.40217
2.85138 -9.9868 9.91383 19.9663 2.11312 -4.95566
9.85156 2.83972 -10.0749 -10.5638 -5.02746 20.0456 2.24895 8.30931
9.86692 2.99112 -9.94374 -5.07114 19.9826 2.29729
9.91267 3.10018 -10.0726 -5.01961 20.0472 1.90423
-10.0502 9.87135 2.98516 2.34311 -4.94376 19.9656
9.96206 3.08981 -10.173 -5.00367 19.9982 2.07685
-10.0553 9.89977 3.00402 2.17093 -5.00179 20.0413
9.92771 2.96441 -9.97226 -4.98862 19.8751 2.08739
-10.0564 9.95724 3.02557 2.35737 -4.9607 20.0527
3.01892 -10.134 9.88468 20.1964 2.09226 -4.95317
9.80748 2.96542 -10.0964 -5.09136 19.9455 2.14343
-10.0531 9.83861 3.09402 2.12795 -5.02648 20.0881
10.0539 3.02524 -10.0735 -4.99556 20.0288 2.19243
3.04557 -10.0952 9.83471 20.1464 1.98894 -5.17415
-10.017 9.82063 3.00779 2.21686 -5.04742 19.9341
2.98469 -9.95778 9.96977 20.1439 2.21396 -5.03525
3.02582 -10.0636 9.80453 21.9125 20.0359 2.40262 -5.08694 -14.0405
2.98112 -10.0113 9.82578 26.7324 1.22134 20.1259 2.37246 -5.25768 -0.643679 -30.9498
9.75071 3.00875 -10.0524 -4.97681 19.9691 2.25933
-9.95033 9.91158 2.98225 2.26564 -5.0075 19.9254
9.84604 2.99306 -9.99968 -25.044 -55.0805 -5.04996 19.9518 2.21695 16.6622 -14.369
3.0267 -10.0532 9.88821 -1.43556 17.6737 20.1445 2.37445 -5.0587 23.3318 -24.4559
9.68645 2.99385 -10.0418 -2.11319 -5.13867 20.0669 2.15969 -3.86344
-10.0807 9.8175 3.05224 -35.1265 2.0472 -5.05577 20.0829 17.0742
9.90332 2.96613 -10.1379 -5.074 20.0576 2.13049
9.80073 2.92996 -10.108 -77.0893 11.7722 -5.12538 19.9965 2.20377 35.1002 56.4861
-10.0042 9.80497 2.99658 -5.10336 2.16632 -5.1944 20.0899 4.46267
2.94432 -10.0911 10.0447 20.0574 2.14935 -5.02927
10.0068 2.92267 -10.0352 -5.04816 20.0595 2.14759
2.99923 -9.92838 9.95766 20.104 2.14694 -4.93098
9.97153 3.0602 -10.0782 -5.11768 19.9948 2.13914
-9.96677 9.89884 2.97671 1.90614 -5.01505 20.032
2.95853 -10.1136 9.88437 -17.7781 67.9941 20.1031 2.3945 -5.01014 18.3818 15.5071
-9.98608 10.0378 3.05305 0.49231 2.27155 -4.77834 20.0894 12.9039
9.67627 3.08618 -10.0718 -5.16093 20.1151 2.25994
3.05593 -10.0226 9.87645 -23.7338 -29.2062 15.4994 20.0825 2.15465 -5.01168 -48.1766 46.0857 12.2791
2.89989 -10.1236 9.88424 0.404246 20.1074 2.1473 -5.09353 -33.793
9.91617 2.95523 -9.90723 2.71084 -5.13726 20.0053 2.27627 54.8878
-9.93671 9.96081 2.95503 30.6411 2.24033 -5.03758 20.0113 53.1956
3.09217 -10.0493 9.92572 20.1079 2.14226 -4.99086
2.97199 -10.0063 9.87041 -18.521 19.9806 2.14529 -5.07046 0.643017
2.79809 -10.0194 9.91155 -19.2802 33.92 19.9346 2.37176 -5.03971 31.3378 -3.87094
3.01149 -10.0918 9.97971 -4.42548 -31.1461 -13.9841 20.1461 2.33282 -5.02322 -2.6568 22.2011 -9.57578
9.77936 2.95315 -10.0038 -5.23497 19.9454 2.29899
9.72116 2.95927 -10.0447 -18.8889 -5.13854 19.9821 2.26133 24.68
-10.0173 9.96107 2.97856 -0.776797 6.79966 -4.30803 2.04169 -5.08357 19.997 15.4201 61.0888 -68.7976
-10.0447 9.84565 3.11003 23.8664 2.24518 -5.07661 20.016 8.5765
9.89857 2.99656 -10.0793 -5.0561 20.0731 1.91746
2.97601 -10.097 9.8276 -9.2335 7.78193 -43.8868 -34.1046 20.0234 2.14877 -5.08426 19.9304 -19.1444 -2.12193 -53.9037
-10.0037 9.9137 3.01093 2.21761 -5.10454 19.9848
3.12013 -10.0038 9.64591 -27.8391 34.1603 -59.7578 -17.8036 20.0506 2.04824 -5.07315 -7.92412 20.652 -46.471 -7.50185
9.85981 2.98772 -10.075 -14.5365 -4.98484 19.927 2.18501 56.1469
3.04953 -10.074 9.82718 19.9723 2.15064 -4.9989
-10.1146 9.82943 3.04855 2.21914 -4.94404 20.0224
2.93662 -10.0342 9.88731 13.8279 20.0397 2.25319 -4.98712 -45.3117
9.8773 3.02796 -10.0381 -5.16136 20.0043 2.01445
-9.99092 9.89814 2.92186 1.82382 -4.87011 20.1122
-10.118 9.85261 2.97248 20.1833 -28.8871 -15.1936 2.22442 -5.00933 20.0974 -8.35155 -3.93294 5.78809
2.99179 -10.046 9.83843 20.0323 2.15687 -5.08481
9.9616 2.89694 -10.0423 0.931919 -5.03985 19.9893 2.09136 24.1716
9.84599 2.92462 -10.1056 -31.5458 4.57319 -5.10533 20.0483 2.10322 45.9151 26.4559
3.01838 -9.94695 9.83933 -9.87951 19.9841 2.20028 -5.10821 -9.05361
-10.0947 9.94374 2.89605 -6.64591 27.4692 1.86096 -5.00647 20.0039 39.4942 84.6179
9.77105 3.02137 -10.0078 -5.05517 19.975 2.23627
3.04735 -9.99874 9.80603 19.9474 2.0846 -5.09108
-10.0648 9.88399 3.044 2.20098 -4.98869 20.0197
3.00623 -10.0753 10.1559 17.036 19.9234 2.12058 -4.9614 43.9033
2.94611 -9.97395 9.87451 30.0382 43.1168 20.0153 2.19956 -5.10996 -5.91208 8.71045
3.02814 -10.0333 9.8153 -15.5727 19.9545 2.03304 -5.02744 -25.7893
9.91544 2.92279 -10.0584 -5.02059 20.0495 2.40062
-9.99169 9.75516 2.9922 2.13845 -5.1788 20.0489
9.80785 3.09627 -10.0351 -5.06566 20.0381 2.23036
2.8325 -10.0144 9.97875 20.032 2.03855 -4.98348
-10.0544 9.85136 2.95744 2.15399 -5.11965 19.9806
9.82216 3.08796 -10.0416 -5.07351 19.9912 2.07094
3.03367 -10.049 10.0445 20.0376 2.12001 -5.00091
2.99045 -9.97489 9.97486 -15.8744 -19.9718 19.9324 2.1262 -5.0071 19.7509 -1.0184
-10.1034 9.92424 2.87019 2.11488 -5.04749 20.0041
9.95845 2.97071 -10.0427 -5.11763 20.0522 2.17576
10.0117 3.06444 -10.0518 -5.05789 19.8612 2.10319
-10.0395 10.0354 2.94944 2.21356 -4.97173 20.0468
-10.0744 9.77285 2.99231 2.26244 -4.98797 20.0776
2.9594 -10.1147 9.9449 19.9722 2.23804 -5.0018
9.83547 2.98192 -10.0832 -2.85704 7.66893 -0.803665 -4.92681 19.8555 2.35346 -39.255 -1.91325 -0.992618
3.0528 -10.0191 10.0515 36.2084 20.1188 2.14321 -5.05413 55.1671
2.9077 -10.0752 9.91131 7.96055 20.0899 2.25555 -5.10301 -16.4358
9.98738 3.02433 -10.1067 -4.95195 19.9331 2.134
10.1233 2.97546 -10.0734 -17.199 -2.13842 -4.92407 19.9475 2.21972 -49.0334 6.58899
3.04223 -9.99648 10.0742 20.1503 2.14028 -4.93461
9.90479 2.87034 -10.0634 -5.04935 20.0131 2.03679
3.04934 -9.95927 10.0873 15.1856 20.1179 2.14613 -4.99399 -25.3809
-10.097 9.87933 2.99299 -14.4545 -5.43883 -13.132 9.87802 -6.88748 2.1858 -4.84451 19.9852 -26.4169 9.69664 15.5569 0.116433 78.4432
-10.0751 9.78678 2.87198 2.05166 -5.11796 20.0754
2.95144 -10.0963 10.0175 -4.19724 -27.6735 -9.98699 -10.5527 19.9926 2.29527 -4.96188 13.0663 12.703 41.6126 12.991
9.94629 2.93183 -10.0813 -9.21846 -4.99926 20.1357 2.32063 -40.2856
9.83163 3.06783 -9.94388 -5.06593 20.1372 2.05441
9.82697 3.04555 -10.0056 -4.94507 20.1272 2.12802
-9.91533 9.94101 2.91165 2.04403 -5.15282 20.1221
9.89454 3.03928 -9.99026 -7.31959 -5.04838 19.8997 2.28728 16.591
9.83383 2.94054 -10.001 -5.11754 20.0619 2.39296
9.87459 2.96549 -9.97988 -5.18317 20.0373 2.07059
-10.0013 9.78722 2.94674 -21.6493 20.0503 2.1942 -5.01171 19.9943 -1.06341 7.46856
9.86579 3.03776 -10.1285 -4.98278 20.0492 2.23839
-9.98519 9.95612 3.02842 3.00594 12.3547 2.4215 -5.02895 20.1392 -5.8927 32.4965
9.75213 3.01571 -10.0958 -5.04128 20.1196 2.04143
-9.9452 9.82348 2.90364 1.95203 -5.16327 19.9106
-10.0656 9.95716 2.9505 2.35686 -4.96389 19.9439
9.98535 3.00584 -10.0095 -4.99141 20.0844 2.14325
9.83824 3.07011 -9.99336 -29.1184 6.67057 -5.0124 20.0142 2.12878 46.1226 -47.0887
-10.035 9.82394 3.03708 2.19092 -5.07777 20.1071
-10.0245 9.80546 3.04475 2.31938 -5.13873 20.0463
-10.1495 9.89392 3.01137 2.05102 -5.0808 19.907
-10.0435 10.0068 2.96915 -13.5851 2.1885 -5.06944 19.8734 25.003
-10.09 10.0036 3.0442 2.27002 -5.19411 20.0267
2.88759 -10.0236 10.0245 19.8848 2.11866 -5.01275
3.05038 -10.1419 9.85932 -43.3978 -23.4078 20.0679 2.27828 -4.97826 -38.5725 -44.3033
-10.0612 9.91301 3.04549 -17.89 2.29369 -5.00556 19.9064 27.53
-10.0974 9.8078 3.00745 2.09058 -5.10865 20.0973
-10.0827 9.94328 3.10229 2.10907 -5.0276 20.0708
9.89994 2.98271 -9.98973 -5.00534 20.012 2.18221
3.00172 -10.2024 9.9393 20.2086 2.29251 -4.949
3.07117 -10.1023 9.95531 -6.32965 20.0251 2.47788 -5.0672 -6.24741
2.93609 -10.0759 9.92512 30.0287 -15.6545 20.0272 2.35984 -5.09521 -31.6801 -21.0817
9.85191 3.0634 -9.964 -5.12347 20.0334 2.05463
-10.1076 10.0469 3.00053 -21.899 2.0939 -4.95223 20.0654 54.3677
9.9984 3.04526 -10.1329 -5.00234 19.992 2.23558
-10.1395 9.9082 2.98467 2.27579 -4.98094 19.9567
3.02098 -9.94512 9.90179 20.1155 2.12539 -5.00836
3.10254 -10.0239 9.87478 20.1391 2.30465 -4.95958
-9.95188 9.8101 2.95695 2.02844 -5.06472 20.1059
-9.99187 9.83864 2.95564 2.05813 -5.02599 19.9747
9.74845 3.0362 -10.0371 -5.07945 19.9553 2.28163
3.01504 -10.1006 9.89333 20.05 2.20247 -5.0876
9.94686 3.03284 -10.1235 -5.05431 20.0051 2.04326
-9.9612 9.90736 2.95777 2.07733 -5.09309 20.0922
9.97147 3.06414 -10.0566 8.53223 -5.06441 19.9534 2.02789 8.80873
-10.0527 9.7876 2.92696 2.04263 -5.0674 20.0439
9.91372 3.04607 -10.0708 -5.04881 20.1437 2.18911
3.05139 -10.0453 9.84782 20.0122 2.25478 -5.14308
9.87912 3.00824 -10.0181 19.2531 -3.97066 -10.2293 28.3713 7.56963 -36.8861 -5.08826 19.972 2.16918 11.471 -60.5788 17.0236 -2.34025 -17.2731 -11.1887
2.96849 9.97628 -10.0251 -33.0632 20.0497 -5.03644 2.1655 -3.229
-10.0464 2.8918 9.85518 13.8858 2.26188 19.9366 -4.97362 22.4245
3.0416 9.8227 -10.0367 -8.34483 18.5726 20.1121 -5.01264 2.22391 5.84836 3.49751
9.89598 -9.98722 2.8876 -5.11152 2.19977 20.1324
10.0635 -10.0772 3.02387 1.92881 -20.6751 -29.9828 -4.98394 2.34881 19.9965 -9.91538 -19.7019 31.2785
2.95472 9.77011 -9.96972 19.8199 -5.08179 2.16628
3.1357 9.97952 -10.1146 20.0036 -4.97552 2.18906
2.97902 9.90929 -10.0611 20.0557 -5.07907 2.16048
-10.163 2.93343 9.88441 -17.6787 2.27687 20.1314 -5.055 -32.9931
2.96611 10.0368 -10.0832 20.0742 -4.99233 2.17589
10.0716 -10.0315 3.04129 -22.922 -5.04372 2.22838 20.0761 -43.4581
-10.0055 2.94461 10.0627 44.9382 4.13578 12.8559 2.3032 20.0839 -5.01299 -24.3844 38.3179 67.299
-10.1442 3.0927 9.81478 -4.85356 30.6665 2.3586 19.9827 -5.21161 -4.35278 -44.6002
3.01955 9.89254 -9.98963 19.9932 -4.97818 2.23023
9.87926 -10.022 2.99883 -4.95318 2.28336 19.979
9.83516 -10.0608 2.95641 -5.05206 2.03872 19.9806
3.03428 9.97659 -10.0525 20.074 -4.9334 2.01592
-10.0599 3.01107 10.0756 2.24749 19.9871 -4.9876
-10.0172 3.00724 9.83967 2.17485 19.924 -5.00898
2.82189 9.84503 -10.0984 20.0479 -5.07784 2.18887
3.04293 10.0662 -10.0273 19.9938 -5.02993 2.25595
-10.05 3.11724 9.78114 12.9695 -33.4735 1.84863 20.0803 -5.17124 0.168933 4.64449
2.87612 9.87326 -10.1355 19.9876 -5.02581 2.20596
2.98097 9.79674 -10.0626 -26.2982 -19.7038 -19.2702 20.0024 -5.15857 2.35835 95.2887 -36.7422 -50.5689
-10.0574 2.97375 9.95888 20.1129 32.3589 2.02537 19.9253 -5.0202 63.4831 -65.5021
3.1695 -10.0472 9.93161 11.2485 20.0116 2.17967 -5.11306 -3.92039
2.93129 -10.0965 9.82499 20.0431 2.14812 -4.9904
9.81861 3.01291 -9.94179 -5.07829 20.1095 2.3512
2.85631 -10.0636 9.96001 7.33364 19.9703 2.12947 -5.03578 14.2798
2.88399 -10.0448 9.76042 19.9265 2.17534 -4.90154
3.0047 -10.0566 9.8973 20.0303 2.21475 -4.99653
2.92067 -10.0008 9.87353 19.9649 2.34147 -5.07679
-9.96837 9.91512 2.81858 2.28471 -5.00538 20.0395
-10.0779 9.82416 2.90947 -17.9707 2.12663 -4.94393 20.1177 -16.5623
-10.0323 9.72433 2.98732 -39.7256 27.114 2.06475 -5.0706 20.0841 11.307 1.99745
-10.0761 9.89378 2.94674 2.10879 -4.92423 19.9892
9.95583 2.95068 -9.99292 -1.89111 -4.80815 20.0053 2.10296 49.9247
3.10038 -10.159 9.8404 -24.0941 21.1727 20.104 2.30177 -5.09049 11.4966 5.13595
9.90193 3.05363 -10.1059 -5.04893 19.9105 2.00852
9.8718 2.98014 -10.084 0.320313 -5.12374 19.9146 2.13728 35.3917
-10.0222 9.89178 3.06836 35.9328 -6.95228 2.42656 -5.01086 20.0876 3.13372 15.1849
9.97645 2.94454 -10.1291 -30.0986 -4.92733 20.0303 2.0884 -18.4857
10.0656 2.93994 -9.98162 -4.95379 20.1379 2.3797
-10.0769 9.85508 3.00692 36.4708 40.1517 14.9988 2.22644 -5.10922 19.9967 1.44344 14.8638 30.3781
9.76785 2.84688 -10.1165 -5.02937 20.246 2.17614
3.14461 -10.0162 9.75537 19.9624 2.16722 -5.2163
3.12605 -9.96131 9.83095 19.9963 2.24308 -5.05377
9.97972 3.05504 -9.92758 -3.76017 -4.94697 19.9512 2.2777 -24.9277
-9.99545 9.92462 2.94631 1.48732 2.24625 -4.85618 19.9432 10.4248
-10.0776 9.90536 2.94273 2.1138 -5.06563 19.9528
-9.93503 9.96737 2.9353 2.11294 -5.12011 20.0436
2.96902 -10.09 9.89801 19.9729 2.32853 -5.09841
3.05017 -10.0397 10.0306 19.9592 1.89579 -5.09922
-10.0221 9.83383 3.02849 2.13493 -5.0198 20.1429
9.9179 3.04759 -10.0781 -5.17461 19.9448 2.21233
10.081 3.01515 -9.98364 -4.94491 20.0363 2.10811
-10.0369 9.89437 3.05795 2.13538 -5.14204 20.0429
9.94746 3.0668 -10.1 -5.0646 19.9645 2.09672
-10.0255 9.95422 3.01147 -16.3502 -16.9187 -10.2259 2.10418 -5.00619 20.0052 20.5759 -15.9903 1.31287
2.94802 -9.9628 10.0013 -6.98946 20.0061 2.18325 -5.06016 0.388721
2.95189 -10.0834 9.88892 6.49412 20.0011 2.09309 -5.05908 38.1336
-10.0011 9.90496 2.95079 2.11908 -5.08645 20.0152
10.0361 3.0375 -10.1394 -32.3836 -4.9694 20.0232 2.2753 40.8771
9.97624 3.09244 -10.0988 10.5793 -3.34804 26.4726 23.3207 -7.56986 -5.22534 -79.5406 3.93313 -5.00341 20.0758 2.08637 27.5247 11.645 -30.8663 32.0533 -0.538824 -28.0595 18.7042 64.5709
2.98048 -10.0638 9.68607 -3.1213 20.0455 1.95196 -5.11191 37.6953
-10.1379 9.85795 2.95227 2.05131 13.5243 -39.4899 2.43427 -4.88709 19.9526 66.8506 9.26019 -35.0125
-10.0522 9.84566 2.929 4.52633 1.24208 15.0176 -6.69725 2.35483 -5.07377 20.0076 -43.1001 7.18401 -33.4987 -37.7105
-10.0249 9.87236 2.9983 21.1865 28.9869 2.18502 -5.16698 19.9396 22.1085 20.893
9.89816 3.02089 -10.0763 -5.1456 20.0326 2.02751
9.97578 3.00475 -10.0966 -4.98697 19.9807 2.08682
2.94886 -10.035 9.73793 19.863 2.26291 -5.12465
2.88564 -10.0773 9.82749 27.7733 19.7994 2.26953 -5.04389 13.5236
2.92665 -10.1593 9.99623 19.9375 2.04649 -4.95441
9.74521 3.0198 -10.0579 -5.03487 20.0719 2.16294
9.65017 3.00993 -10.0253 -5.0901 20.0489 2.29071
3.07583 -10.0197 9.73408 4.16851 19.9801 2.31725 -5.04064 -1.37644
9.96904 2.81724 -10.0197 -18.1115 -5.09021 19.9721 2.19288 -48.1486
3.01513 -10.0845 9.86125 2.07436 19.9887 2.25694 -5.13827 -1.10447
