0.430569 0.659253
0.430244 0.635432
0.434286 0.729087
0.434419 0.729087
0.433636 0.706441
0.438222 0.817859
0.43913 0.839793
0.441702 0.904587
0.439167 0.840768
0.439184 0.840768
0.4392 0.840768
0.440784 0.881495
0.436923 0.781095
0.442264 0.919734
0.439259 0.841575
0.437091 0.783729
0.437143 0.783729
0.434386 0.70857
0.437241 0.782787
0.437288 0.782787
0.438 0.800891
0.437377 0.783003
0.435484 0.72997
0.435556 0.72997
0.435 0.712696
0.434462 0.695615
0.433939 0.678723
0.438209 0.795679
0.438235 0.795679
0.435942 0.730264
0.436 0.730264
0.437183 0.762297
0.438333 0.794005
0.437808 0.77831
0.438919 0.80939
0.436267 0.732448
0.434737 0.686727
0.436883 0.747108
0.438462 0.791969
0.437975 0.777154
0.4365 0.733117
