0.654409
0.529378
0.529378
0.722455
0.722455
0.722455
0.566967
1.09619
1.04366
1.04366
1.04366
1.04366
0.932203
0.932203
0.932203
0.932203
0.932203
0.932203
0.932203
0.932203
0.932203
0.457382
0.615144
0.903195
0.903195
0.662582
0.796398
0.796398
0.796398
0.998435
0.623875
0.697585
1.29521
1.29521
1.29521
1.81691
1.81691
1.81691
0.869882
0.869882
0.869882
0.869882
0.869882
1.40372
1.40372
1.40372
1.27692
1.27692
1.27692
1.27692
1.14193
1.14193
1.29333
1.29333
0.465301
0.914165
0.914165
0.914165
0.900298
0.900298
0.467321
0.467321
1.01113
1.01113
0.78835
0.372789
0.525891
0.525891
0.898815
0.898815
0.898815
0.898815
0.898815
0.67735
0.67735
0.646354
0.802495
0.802495
0.802495
0.802495
1.43358
1.38384
1.09482
1.35404
1.50176
1.25227
1.25227
1.25227
1.89682
1.89682
1.09905
1.09905
1.09905
1.09905
1.09905
0.846876
0.846876
0.846876
0.846876
0.614331
