0.137005 0.0134575 0.175815 0.0551117 0.0119618 0.0451052 0.0461745 0.0013493 0.00974247 0.0164501 0.140871 0.0982542 0.00941386 0.0917929 0.136088 0.00161432 0.00609994 0.000947481 8.17215e-05 0.00152444 0.000114841 0.000474138 8.71526e-05 1.22328e-05 3.05793e-05 3.07534e-05 7.57635e-05 5.18618e-05 1.76415e-05 0.000147172 2.92103e-06 1.43974e-05 3.75542e-06 6.19478e-07 1.56772e-05 1.59177e-05
0.127447 0.00345627 0.172399 0.0534564 0.00647825 0.0503587 0.0433183 0.000333594 0.0118612 0.0306317 0.136991 0.122099 0.00560294 0.0906421 0.132548 0.000870209 0.00561964 0.000442654 0.000802774 0.000480491 0.00137271 0.000239845 0.000935966 7.95065e-05 0.000471531 0.000544481 0.000149869 0.000147151 9.15959e-05 2.32565e-05 7.47187e-05
0.149341 0.00911473 0.181712 0.0600191 0.00469577 0.050606 0.0277251 0.000179238 0.0170927 0.0267713 0.125168 0.0987075 0.00980572 0.107716 0.124538 0.000181625 0.00384612 0.00131263 0.000159038 0.000390472 0.000323626 0.000196521 1.402e-05 0.000210751 4.36521e-05 2.98232e-05 5.90086e-05
0.13462 0.00941702 0.198267 0.00522552 0.0448965 0.0422617 0.0368097 0.000578694 0.0217775 0.0198437 0.148352 0.104159 0.0149841 0.131072 0.0840852 0.000297092 0.000722602 0.00130243 0.000931264 0.000162709 6.50922e-05 0.000141576
0.141823 0.00417779 0.202868 0.00197798 0.0587979 0.0477924 0.000466984 0.0367817 0.0166379 0.15199 0.0112399 0.102006 0.0143805 0.111553 0.087549 0.000613481 0.00655963 0.00122132 0.000799245 0.000467955 9.11647e-05 0.000117398 1.05738e-05 3.50507e-05 9.32801e-06 9.32139e-06 2.09851e-06 5.73699e-06 4.83659e-06 7.03081e-06 7.98892e-07 9.00135e-07
0.150101 0.00221058 0.188423 0.00639551 0.0700764 0.0542242 0.00103251 0.00789137 0.0554238 0.130009 0.0139428 0.108203 0.0167789 0.102917 0.0851279 0.0010248 0.0031504 0.000358498 0.000800229 0.00072847 0.000830764 0.000291938 5.71578e-07 5.19017e-06 1.71106e-05 9.66415e-06 9.39775e-06
0.138688 0.00491158 0.213954 0.000848706 0.0479965 0.058743 0.000396981 0.00917404 0.0703557 0.147565 0.0175764 0.0881691 0.0158074 0.0994986 0.0822025 0.0013987 0.00163518 0.000160524 5.82255e-05 0.000112522 0.000314892 2.48998e-05 0.000109695 6.1681e-05 3.50146e-07 0.000119605 1.84382e-05 4.79649e-05 1.08123e-05 9.55727e-07 5.9909e-07 2.13005e-05 1.09722e-05
0.123237 0.00563512 0.181146 0.05355 0.00396269 0.06708 0.000601519 0.00284396 0.0691182 0.131652 0.0252792 0.0935171 0.0115698 0.11119 0.10767 0.00518114 0.00204009 0.00127414 0.000358287 0.000312687 0.000466857 0.00104689 0.000490394 0.000167536 0.000213896 2.91954e-05 5.53005e-05 0.000109295 0.000134514 3.06737e-06 2.72347e-05 1.34863e-05 9.58266e-06
0.149483 0.0155536 0.190382 0.0384776 0.00732552 0.0730737 0.000326758 0.00669211 0.0590835 0.131335 0.0226583 0.0148293 0.0829762 0.108242 0.089654 0.00166459 0.00345175 0.001915 0.00070561 0.00029478 0.000626241 0.000500137 0.000573891 1.34559e-05 3.8361e-05 1.49526e-05 8.57321e-05 2.10217e-06 5.93861e-06 2.06112e-06
0.117463 0.0198854 0.2 0.0377441 0.00357665 0.0554672 0.000729106 0.00455221 0.055198 0.143229 0.00906141 0.0218811 0.0945282 0.116176 0.108463 0.00380968 0.00125841 0.000368287 0.00072193 0.000317517 0.00241497 0.000170885 0.00217491 5.88369e-05 0.000171283 7.72746e-05 0.00030771 6.76299e-06 2.86654e-05 2.19838e-05 2.60458e-05 6.54902e-05 2.53275e-05
