0.565 0.435 0.437 0.563 0.587 0.413 0.425 0.575 0.587 0.413 0.407 0.593 0.591 0.409 0.415 0.585 0.902 0.098 0.101 0.899
0.565 0.435 0.437 0.563 0.587 0.413 0.425 0.575 0.587 0.413 0.407 0.593 0.591 0.409 0.415 0.585 0.902 0.098 0.101 0.899
0.565 0.435 0.437 0.563 0.587 0.413 0.425 0.575 0.587 0.413 0.407 0.593 0.591 0.409 0.415 0.585 0.902 0.098 0.101 0.899
0.565 0.435 0.437 0.563 0.587 0.413 0.425 0.575 0.587 0.413 0.407 0.593 0.591 0.409 0.415 0.585 0.902 0.098 0.101 0.899
0.565 0.435 0.437 0.563 0.587 0.413 0.425 0.575 0.587 0.413 0.407 0.593 0.591 0.409 0.415 0.585 0.902 0.098 0.101 0.899
0.565 0.435 0.437 0.563 0.587 0.413 0.425 0.575 0.587 0.413 0.407 0.593 0.591 0.409 0.415 0.585 0.902 0.098 0.101 0.899
0.565 0.435 0.437 0.563 0.587 0.413 0.425 0.575 0.587 0.413 0.407 0.593 0.591 0.409 0.415 0.585 0.902 0.098 0.101 0.899
0.565 0.435 0.437 0.563 0.587 0.413 0.425 0.575 0.587 0.413 0.407 0.593 0.591 0.409 0.415 0.585 0.902 0.098 0.101 0.899
0.565 0.435 0.437 0.563 0.587 0.413 0.425 0.575 0.587 0.413 0.407 0.593 0.591 0.409 0.415 0.585 0.902 0.098 0.101 0.899
0.565 0.435 0.437 0.563 0.587 0.413 0.425 0.575 0.587 0.413 0.407 0.593 0.591 0.409 0.415 0.585 0.902 0.098 0.101 0.899
